30	500
30.01	433.3334
30.02	466.6666
30.03	266.6666
30.04	366.6666
30.05	666.6666
30.06	500
30.07	433.3334
30.08	433.3334
30.09	366.6666
30.1	400
30.11	400
30.12	566.6666
30.13	633.3334
30.14	766.6666
30.15	400
30.16	633.3334
30.17	700
30.18	366.6666
30.19	433.3334
30.2	366.6666
30.21	366.6666
30.22	366.6666
30.23	666.6666
30.24	766.6666
30.25	766.6666
30.26	633.3334
30.27	466.6666
30.28	400
30.29	566.6666
30.3	566.6666
30.31	433.3334
30.32	466.6666
30.33	433.3334
30.34	600
30.35	466.6666
30.36	400
30.37	533.3334
30.38	600
30.39	700
30.4	533.3334
30.41	733.3334
30.42	433.3334
30.43	366.6666
30.44	566.6666
30.45	500
30.46	566.6666
30.47	766.6666
30.48	333.3334
30.49	600
30.5	666.6666
30.51	466.6666
30.52	600
30.53	433.3334
30.54	433.3334
30.55	500
30.56	666.6666
30.57	566.6666
30.58	633.3334
30.59	266.6666
30.6	466.6666
30.61	466.6666
30.62	900
30.63	666.6666
30.64	666.6666
30.65	433.3334
30.66	566.6666
30.67	466.6666
30.68	666.6666
30.69	366.6666
30.7	566.6666
30.71	400
30.72	533.3334
30.73	666.6666
30.74	600
30.75	433.3334
30.76	600
30.77	300
30.78	633.3334
30.79	366.6666
30.8	500
30.81	366.6666
30.82	400
30.83	500
30.84	333.3334
30.85	533.3334
30.86	500
30.87	633.3334
30.88	533.3334
30.89	533.3334
30.9	466.6666
30.91	433.3334
30.92	466.6666
30.93	466.6666
30.94	233.3334
30.95	300
30.96	466.6666
30.97	366.6666
30.98	600
30.99	400
31	333.3334
31.01	400
31.02	433.3334
31.03	433.3334
31.04	566.6666
31.05	666.6666
31.06	466.6666
31.07	333.3334
31.08	500
31.09	533.3334
31.1	600
31.11	400
31.12	466.6666
31.13	466.6666
31.14	466.6666
31.15	433.3334
31.16	566.6666
31.17	600
31.18	633.3334
31.19	466.6666
31.2	400
31.21	400
31.22	733.3334
31.23	633.3334
31.24	433.3334
31.25	333.3334
31.26	466.6666
31.27	566.6666
31.28	466.6666
31.29	666.6666
31.3	566.6666
31.31	400
31.32	600
31.33	500
31.34	533.3334
31.35	500
31.36	600
31.37	633.3334
31.38	600
31.39	500
31.4	500
31.41	466.6666
31.42	366.6666
31.43	600
31.44	633.3334
31.45	766.6666
31.46	566.6666
31.47	500
31.48	800
31.49	733.3334
31.5	466.6666
31.51	600
31.52	700
31.53	566.6666
31.54	400
31.55	333.3334
31.56	600
31.57	600
31.58	533.3334
31.59	333.3334
31.6	433.3334
31.61	700
31.62	600
31.63	633.3334
31.64	333.3334
31.65	466.6666
31.66	433.3334
31.67	666.6666
31.68	233.3334
31.69	400
31.7	566.6666
31.71	566.6666
31.72	466.6666
31.73	600
31.74	666.6666
31.75	466.6666
31.76	466.6666
31.77	433.3334
31.78	566.6666
31.79	600
31.8	766.6666
31.81	533.3334
31.82	566.6666
31.83	566.6666
31.84	500
31.85	600
31.86	600
31.87	466.6666
31.88	433.3334
31.89	333.3334
31.9	800
31.91	500
31.92	366.6666
31.93	466.6666
31.94	466.6666
31.95	400
31.96	500
31.97	433.3334
31.98	600
31.99	533.3334
32	500
32.01	733.3334
32.02	433.3334
32.03	600
32.04	666.6666
32.05	400
32.06	533.3334
32.07	633.3334
32.08	566.6666
32.09	466.6666
32.1	400
32.11	500
32.12	500
32.13	400
32.14	400
32.15	466.6666
32.16	600
32.17	633.3334
32.18	533.3334
32.19	466.6666
32.2	666.6666
32.21	666.6666
32.22	633.3334
32.23	666.6666
32.24	700
32.25	633.3334
32.26	500
32.27	466.6666
32.28	600
32.29	533.3334
32.3	333.3334
32.31	400
32.32	433.3334
32.33	566.6666
32.34	733.3334
32.35	566.6666
32.36	700
32.37	666.6666
32.38	500
32.39	466.6666
32.4	466.6666
32.41	400
32.42	400
32.43	433.3334
32.44	466.6666
32.45	566.6666
32.46	533.3334
32.47	600
32.48	466.6666
32.49	433.3334
32.5	500
32.51	500
32.52	533.3334
32.53	500
32.54	466.6666
32.55	533.3334
32.56	433.3334
32.57	533.3334
32.58	433.3334
32.59	333.3334
32.6	433.3334
32.61	300
32.62	600
32.63	266.6666
32.64	566.6666
32.65	433.3334
32.66	533.3334
32.67	600
32.68	400
32.69	633.3334
32.7	400
32.71	600
32.72	433.3334
32.73	533.3334
32.74	433.3334
32.75	433.3334
32.76	633.3334
32.77	700
32.78	533.3334
32.79	400
32.8	300
32.81	600
32.82	633.3334
32.83	700
32.84	500
32.85	333.3334
32.86	500
32.87	400
32.88	433.3334
32.89	500
32.9	633.3334
32.91	333.3334
32.92	533.3334
32.93	633.3334
32.94	433.3334
32.95	400
32.96	533.3334
32.97	266.6666
32.98	266.6666
32.99	533.3334
33	533.3334
33.01	566.6666
33.02	433.3334
33.03	500
33.04	566.6666
33.05	466.6666
33.06	433.3334
33.07	566.6666
33.08	466.6666
33.09	400
33.1	466.6666
33.11	500
33.12	366.6666
33.13	600
33.14	466.6666
33.15	733.3334
33.16	533.3334
33.17	500
33.18	300
33.19	466.6666
33.2	366.6666
33.21	366.6666
33.22	366.6666
33.23	400
33.24	266.6666
33.25	233.3334
33.26	600
33.27	300
33.28	466.6666
33.29	300
33.3	166.6666
33.31	800
33.32	400
33.33	466.6666
33.34	266.6666
33.35	366.6666
33.36	333.3334
33.37	433.3334
33.38	400
33.39	266.6666
33.4	500
33.41	533.3334
33.42	733.3334
33.43	466.6666
33.44	433.3334
33.45	400
33.46	533.3334
33.47	466.6666
33.48	433.3334
33.49	433.3334
33.5	666.6666
33.51	566.6666
33.52	600
33.53	700
33.54	666.6666
33.55	266.6666
33.56	566.6666
33.57	566.6666
33.58	366.6666
33.59	366.6666
33.6	566.6666
33.61	300
33.62	333.3334
33.63	400
33.64	433.3334
33.65	300
33.66	466.6666
33.67	533.3334
33.68	233.3334
33.69	333.3334
33.7	633.3334
33.71	400
33.72	600
33.73	400
33.74	366.6666
33.75	433.3334
33.76	400
33.77	466.6666
33.78	466.6666
33.79	600
33.8	366.6666
33.81	533.3334
33.82	500
33.83	500
33.84	500
33.85	366.6666
33.86	633.3334
33.87	566.6666
33.88	433.3334
33.89	333.3334
33.9	366.6666
33.91	333.3334
33.92	500
33.93	266.6666
33.94	533.3334
33.95	666.6666
33.96	300
33.97	566.6666
33.98	200
33.99	366.6666
34	733.3334
34.01	433.3334
34.02	633.3334
34.03	466.6666
34.04	433.3334
34.05	466.6666
34.06	266.6666
34.07	333.3334
34.08	266.6666
34.09	333.3334
34.1	266.6666
34.11	433.3334
34.12	533.3334
34.13	266.6666
34.14	466.6666
34.15	333.3334
34.16	533.3334
34.17	400
34.18	533.3334
34.19	533.3334
34.2	433.3334
34.21	433.3334
34.22	500
34.23	233.3334
34.24	466.6666
34.25	533.3334
34.26	400
34.27	300
34.28	433.3334
34.29	366.6666
34.3	466.6666
34.31	433.3334
34.32	500
34.33	500
34.34	433.3334
34.35	633.3334
34.36	333.3334
34.37	366.6666
34.38	533.3334
34.39	566.6666
34.4	366.6666
34.41	333.3334
34.42	433.3334
34.43	466.6666
34.44	433.3334
34.45	500
34.46	400
34.47	466.6666
34.48	366.6666
34.49	433.3334
34.5	366.6666
34.51	566.6666
34.52	466.6666
34.53	500
34.54	533.3334
34.55	366.6666
34.56	333.3334
34.57	566.6666
34.58	433.3334
34.59	666.6666
34.6	500
34.61	566.6666
34.62	600
34.63	766.6666
34.64	600
34.65	400
34.66	533.3334
34.67	466.6666
34.68	400
34.69	433.3334
34.7	433.3334
34.71	333.3334
34.72	366.6666
34.73	433.3334
34.74	300
34.75	466.6666
34.76	500
34.77	233.3334
34.78	466.6666
34.79	366.6666
34.8	466.6666
34.81	366.6666
34.82	500
34.83	500
34.84	433.3334
34.85	533.3334
34.86	366.6666
34.87	400
34.88	433.3334
34.89	266.6666
34.9	433.3334
34.91	266.6666
34.92	466.6666
34.93	433.3334
34.94	300
34.95	566.6666
34.96	400
34.97	533.3334
34.98	366.6666
34.99	300
35	400
35.01	366.6666
35.02	533.3334
35.03	533.3334
35.04	600
35.05	500
35.06	466.6666
35.07	433.3334
35.08	433.3334
35.09	433.3334
35.1	466.6666
35.11	500
35.12	500
35.13	633.3334
35.14	666.6666
35.15	500
35.16	666.6666
35.17	633.3334
35.18	666.6666
35.19	666.6666
35.2	400
35.21	366.6666
35.22	500
35.23	700
35.24	433.3334
35.25	333.3334
35.26	500
35.27	566.6666
35.28	566.6666
35.29	266.6666
35.3	433.3334
35.31	566.6666
35.32	300
35.33	266.6666
35.34	366.6666
35.35	500
35.36	600
35.37	333.3334
35.38	533.3334
35.39	466.6666
35.4	600
35.41	433.3334
35.42	433.3334
35.43	600
35.44	433.3334
35.45	366.6666
35.46	333.3334
35.47	500
35.48	366.6666
35.49	266.6666
35.5	166.6666
35.51	433.3334
35.52	366.6666
35.53	333.3334
35.54	466.6666
35.55	566.6666
35.56	433.3334
35.57	300
35.58	533.3334
35.59	466.6666
35.6	333.3334
35.61	333.3334
35.62	400
35.63	433.3334
35.64	600
35.65	533.3334
35.66	333.3334
35.67	433.3334
35.68	300
35.69	466.6666
35.7	333.3334
35.71	500
35.72	433.3334
35.73	566.6666
35.74	400
35.75	566.6666
35.76	333.3334
35.77	566.6666
35.78	466.6666
35.79	433.3334
35.8	333.3334
35.81	300
35.82	333.3334
35.83	366.6666
35.84	500
35.85	533.3334
35.86	566.6666
35.87	600
35.88	466.6666
35.89	566.6666
35.9	500
35.91	500
35.92	500
35.93	600
35.94	333.3334
35.95	466.6666
35.96	633.3334
35.97	466.6666
35.98	633.3334
35.99	466.6666
36	733.3334
36.01	533.3334
36.02	700
36.03	633.3334
36.04	833.3334
36.05	300
36.06	400
36.07	366.6666
36.08	533.3334
36.09	433.3334
36.1	366.6666
36.11	400
36.12	866.6666
36.13	566.6666
36.14	600
36.15	433.3334
36.16	500
36.17	566.6666
36.18	466.6666
36.19	533.3334
36.2	466.6666
36.21	433.3334
36.22	466.6666
36.23	533.3334
36.24	466.6666
36.25	566.6666
36.26	700
36.27	566.6666
36.28	233.3334
36.29	466.6666
36.3	266.6666
36.31	533.3334
36.32	433.3334
36.33	533.3334
36.34	433.3334
36.35	400
36.36	533.3334
36.37	566.6666
36.38	466.6666
36.39	666.6666
36.4	500
36.41	266.6666
36.42	333.3334
36.43	466.6666
36.44	400
36.45	433.3334
36.46	500
36.47	566.6666
36.48	600
36.49	533.3334
36.5	566.6666
36.51	766.6666
36.52	566.6666
36.53	533.3334
36.54	466.6666
36.55	466.6666
36.56	433.3334
36.57	500
36.58	633.3334
36.59	500
36.6	566.6666
36.61	566.6666
36.62	466.6666
36.63	366.6666
36.64	400
36.65	433.3334
36.66	466.6666
36.67	633.3334
36.68	433.3334
36.69	533.3334
36.7	266.6666
36.71	333.3334
36.72	366.6666
36.73	566.6666
36.74	533.3334
36.75	466.6666
36.76	266.6666
36.77	300
36.78	466.6666
36.79	366.6666
36.8	366.6666
36.81	533.3334
36.82	400
36.83	466.6666
36.84	566.6666
36.85	600
36.86	366.6666
36.87	400
36.88	433.3334
36.89	400
36.9	433.3334
36.91	433.3334
36.92	500
36.93	533.3334
36.94	500
36.95	533.3334
36.96	533.3334
36.97	400
36.98	333.3334
36.99	366.6666
37	533.3334
37.01	500
37.02	466.6666
37.03	700
37.04	433.3334
37.05	366.6666
37.06	433.3334
37.07	333.3334
37.08	233.3334
37.09	300
37.1	333.3334
37.11	633.3334
37.12	666.6666
37.13	500
37.14	366.6666
37.15	533.3334
37.16	500
37.17	433.3334
37.18	300
37.19	366.6666
37.2	333.3334
37.21	600
37.22	533.3334
37.23	600
37.24	400
37.25	433.3334
37.26	300
37.27	433.3334
37.28	633.3334
37.29	433.3334
37.3	500
37.31	566.6666
37.32	500
37.33	566.6666
37.34	300
37.35	500
37.36	433.3334
37.37	466.6666
37.38	600
37.39	533.3334
37.4	500
37.41	333.3334
37.42	366.6666
37.43	333.3334
37.44	266.6666
37.45	400
37.46	333.3334
37.47	366.6666
37.48	466.6666
37.49	466.6666
37.5	333.3334
37.51	133.3334
37.52	500
37.53	400
37.54	400
37.55	533.3334
37.56	600
37.57	400
37.58	533.3334
37.59	433.3334
37.6	566.6666
37.61	500
37.62	533.3334
37.63	400
37.64	466.6666
37.65	400
37.66	400
37.67	400
37.68	466.6666
37.69	266.6666
37.7	266.6666
37.71	566.6666
37.72	433.3334
37.73	433.3334
37.74	633.3334
37.75	433.3334
37.76	533.3334
37.77	400
37.78	600
37.79	400
37.8	233.3334
37.81	633.3334
37.82	466.6666
37.83	633.3334
37.84	666.6666
37.85	600
37.86	633.3334
37.87	666.6666
37.88	600
37.89	500
37.9	633.3334
37.91	433.3334
37.92	600
37.93	533.3334
37.94	666.6666
37.95	333.3334
37.96	600
37.97	833.3334
37.98	766.6666
37.99	1033.3334
38	700
38.01	633.3334
38.02	833.3334
38.03	1100
38.04	900
38.05	1200
38.06	1000
38.07	1300
38.08	1200
38.09	1700
38.1	1800
38.11	2066.6666
38.12	2666.6666
38.13	2966.6666
38.14	3733.3334
38.15	3900
38.16	4300
38.17	6500
38.18	7400
38.19	8366.6666
38.2	8033.3334
38.21	8266.6666
38.22	7700
38.23	7133.3334
38.24	8733.3334
38.25	7200
38.26	6566.6666
38.27	6166.6666
38.28	5766.6666
38.29	6000
38.3	5366.6666
38.31	4333.3334
38.32	4566.6666
38.33	4566.6666
38.34	4000
38.35	4166.6666
38.36	3266.6666
38.37	2933.3334
38.38	2166.6666
38.39	1366.6666
38.4	1666.6666
38.41	1433.3334
38.42	1166.6666
38.43	1066.6666
38.44	866.6666
38.45	666.6666
38.46	900
38.47	800
38.48	600
38.49	566.6666
38.5	833.3334
38.51	666.6666
38.52	700
38.53	633.3334
38.54	300
38.55	533.3334
38.56	800
38.57	700
38.58	666.6666
38.59	466.6666
38.6	566.6666
38.61	600
38.62	466.6666
38.63	500
38.64	333.3334
38.65	466.6666
38.66	533.3334
38.67	500
38.68	433.3334
38.69	466.6666
38.7	366.6666
38.71	233.3334
38.72	566.6666
38.73	433.3334
38.74	500
38.75	433.3334
38.76	366.6666
38.77	566.6666
38.78	233.3334
38.79	400
38.8	433.3334
38.81	300
38.82	533.3334
38.83	566.6666
38.84	500
38.85	400
38.86	500
38.87	533.3334
38.88	366.6666
38.89	533.3334
38.9	400
38.91	366.6666
38.92	433.3334
38.93	466.6666
38.94	366.6666
38.95	300
38.96	333.3334
38.97	400
38.98	633.3334
38.99	566.6666
39	366.6666
39.01	333.3334
39.02	500
39.03	700
39.04	733.3334
39.05	633.3334
39.06	666.6666
39.07	600
39.08	633.3334
39.09	533.3334
39.1	400
39.11	500
39.12	333.3334
39.13	533.3334
39.14	500
39.15	366.6666
39.16	466.6666
39.17	466.6666
39.18	533.3334
39.19	633.3334
39.2	266.6666
39.21	300
39.22	333.3334
39.23	333.3334
39.24	366.6666
39.25	333.3334
39.26	400
39.27	466.6666
39.28	133.3334
39.29	533.3334
39.3	400
39.31	366.6666
39.32	433.3334
39.33	433.3334
39.34	333.3334
39.35	566.6666
39.36	433.3334
39.37	433.3334
39.38	366.6666
39.39	300
39.4	500
39.41	533.3334
39.42	533.3334
39.43	366.6666
39.44	600
39.45	633.3334
39.46	400
39.47	166.6666
39.48	466.6666
39.49	366.6666
39.5	466.6666
39.51	400
39.52	366.6666
39.53	566.6666
39.54	466.6666
39.55	366.6666
39.56	466.6666
39.57	400
39.58	366.6666
39.59	600
39.6	366.6666
39.61	333.3334
39.62	333.3334
39.63	500
39.64	433.3334
39.65	300
39.66	400
39.67	500
39.68	533.3334
39.69	466.6666
39.7	566.6666
39.71	566.6666
39.72	433.3334
39.73	433.3334
39.74	500
39.75	400
39.76	566.6666
39.77	600
39.78	366.6666
39.79	366.6666
39.8	566.6666
39.81	200
39.82	233.3334
39.83	433.3334
39.84	233.3334
39.85	266.6666
39.86	333.3334
39.87	600
39.88	566.6666
39.89	333.3334
39.9	466.6666
39.91	266.6666
39.92	400
39.93	533.3334
39.94	366.6666
39.95	500
39.96	400
39.97	500
39.98	566.6666
39.99	433.3334
40	533.3334
40.01	566.6666
40.02	400
40.03	400
40.04	433.3334
40.05	366.6666
40.06	666.6666
40.07	533.3334
40.08	366.6666
40.09	400
40.1	466.6666
40.11	366.6666
40.12	400
40.13	366.6666
40.14	366.6666
40.15	400
40.16	566.6666
40.17	233.3334
40.18	233.3334
40.19	400
40.2	433.3334
40.21	433.3334
40.22	500
40.23	533.3334
40.24	366.6666
40.25	600
40.26	500
40.27	500
40.28	466.6666
40.29	300
40.3	500
40.31	366.6666
40.32	400
40.33	400
40.34	500
40.35	433.3334
40.36	400
40.37	466.6666
40.38	466.6666
40.39	300
40.4	366.6666
40.41	366.6666
40.42	533.3334
40.43	400
40.44	433.3334
40.45	333.3334
40.46	466.6666
40.47	366.6666
40.48	333.3334
40.49	133.3334
40.5	400
40.51	333.3334
40.52	400
40.53	433.3334
40.54	366.6666
40.55	500
40.56	533.3334
40.57	466.6666
40.58	533.3334
40.59	200
40.6	400
40.61	266.6666
40.62	333.3334
40.63	333.3334
40.64	466.6666
40.65	400
40.66	466.6666
40.67	566.6666
40.68	500
40.69	433.3334
40.7	333.3334
40.71	700
40.72	433.3334
40.73	466.6666
40.74	500
40.75	333.3334
40.76	433.3334
40.77	300
40.78	433.3334
40.79	300
40.8	566.6666
40.81	333.3334
40.82	166.6666
40.83	566.6666
40.84	333.3334
40.85	266.6666
40.86	400
40.87	533.3334
40.88	466.6666
40.89	433.3334
40.9	366.6666
40.91	300
40.92	333.3334
40.93	466.6666
40.94	233.3334
40.95	366.6666
40.96	566.6666
40.97	400
40.98	366.6666
40.99	366.6666
41	500
41.01	433.3334
41.02	333.3334
41.03	300
41.04	400
41.05	366.6666
41.06	333.3334
41.07	400
41.08	500
41.09	466.6666
41.1	466.6666
41.11	533.3334
41.12	233.3334
41.13	366.6666
41.14	366.6666
41.15	433.3334
41.16	366.6666
41.17	400
41.18	400
41.19	466.6666
41.2	600
41.21	433.3334
41.22	533.3334
41.23	333.3334
41.24	466.6666
41.25	400
41.26	300
41.27	300
41.28	366.6666
41.29	366.6666
41.3	333.3334
41.31	500
41.32	300
41.33	466.6666
41.34	400
41.35	300
41.36	300
41.37	533.3334
41.38	500
41.39	400
41.4	433.3334
41.41	400
41.42	533.3334
41.43	266.6666
41.44	533.3334
41.45	600
41.46	566.6666
41.47	400
41.48	433.3334
41.49	500
41.5	433.3334
41.51	400
41.52	400
41.53	400
41.54	566.6666
41.55	566.6666
41.56	333.3334
41.57	433.3334
41.58	500
41.59	300
41.6	333.3334
41.61	433.3334
41.62	400
41.63	366.6666
41.64	500
41.65	400
41.66	466.6666
41.67	300
41.68	466.6666
41.69	533.3334
41.7	600
41.71	433.3334
41.72	233.3334
41.73	333.3334
41.74	466.6666
41.75	366.6666
41.76	433.3334
41.77	300
41.78	233.3334
41.79	500
41.8	233.3334
41.81	400
41.82	533.3334
41.83	433.3334
41.84	366.6666
41.85	366.6666
41.86	300
41.87	233.3334
41.88	266.6666
41.89	466.6666
41.9	400
41.91	466.6666
41.92	300
41.93	300
41.94	433.3334
41.95	366.6666
41.96	433.3334
41.97	233.3334
41.98	366.6666
41.99	400
42	466.6666
42.01	533.3334
42.02	200
42.03	300
42.04	566.6666
42.05	366.6666
42.06	500
42.07	633.3334
42.08	333.3334
42.09	633.3334
42.1	433.3334
42.11	266.6666
42.12	233.3334
42.13	300
42.14	466.6666
42.15	433.3334
42.16	466.6666
42.17	466.6666
42.18	366.6666
42.19	433.3334
42.2	366.6666
42.21	366.6666
42.22	466.6666
42.23	700
42.24	300
42.25	466.6666
42.26	366.6666
42.27	333.3334
42.28	233.3334
42.29	466.6666
42.3	500
42.31	433.3334
42.32	333.3334
42.33	366.6666
42.34	366.6666
42.35	366.6666
42.36	433.3334
42.37	366.6666
42.38	466.6666
42.39	600
42.4	500
42.41	533.3334
42.42	333.3334
42.43	566.6666
42.44	400
42.45	400
42.46	333.3334
42.47	400
42.48	200
42.49	300
42.5	433.3334
42.51	600
42.52	266.6666
42.53	366.6666
42.54	433.3334
42.55	266.6666
42.56	333.3334
42.57	533.3334
42.58	333.3334
42.59	366.6666
42.6	200
42.61	433.3334
42.62	333.3334
42.63	300
42.64	366.6666
42.65	266.6666
42.66	566.6666
42.67	400
42.68	500
42.69	266.6666
42.7	433.3334
42.71	400
42.72	333.3334
42.73	666.6666
42.74	333.3334
42.75	400
42.76	433.3334
42.77	266.6666
42.78	200
42.79	366.6666
42.8	333.3334
42.81	566.6666
42.82	600
42.83	333.3334
42.84	366.6666
42.85	533.3334
42.86	200
42.87	466.6666
42.88	366.6666
42.89	533.3334
42.9	533.3334
42.91	400
42.92	366.6666
42.93	366.6666
42.94	233.3334
42.95	333.3334
42.96	400
42.97	333.3334
42.98	433.3334
42.99	333.3334
43	466.6666
43.01	166.6666
43.02	366.6666
43.03	266.6666
43.04	333.3334
43.05	366.6666
43.06	500
43.07	500
43.08	400
43.09	466.6666
43.1	533.3334
43.11	433.3334
43.12	466.6666
43.13	500
43.14	566.6666
43.15	400
43.16	266.6666
43.17	433.3334
43.18	600
43.19	366.6666
43.2	366.6666
43.21	466.6666
43.22	366.6666
43.23	200
43.24	366.6666
43.25	500
43.26	600
43.27	166.6666
43.28	400
43.29	400
43.3	266.6666
43.31	300
43.32	466.6666
43.33	500
43.34	366.6666
43.35	433.3334
43.36	100
43.37	300
43.38	366.6666
43.39	266.6666
43.4	466.6666
43.41	366.6666
43.42	433.3334
43.43	433.3334
43.44	533.3334
43.45	300
43.46	366.6666
43.47	233.3334
43.48	233.3334
43.49	300
43.5	400
43.51	433.3334
43.52	300
43.53	266.6666
43.54	566.6666
43.55	500
43.56	333.3334
43.57	466.6666
43.58	400
43.59	733.3334
43.6	400
43.61	200
43.62	366.6666
43.63	400
43.64	300
43.65	433.3334
43.66	600
43.67	400
43.68	300
43.69	366.6666
43.7	400
43.71	266.6666
43.72	266.6666
43.73	366.6666
43.74	533.3334
43.75	466.6666
43.76	400
43.77	300
43.78	266.6666
43.79	333.3334
43.8	266.6666
43.81	433.3334
43.82	433.3334
43.83	266.6666
43.84	533.3334
43.85	466.6666
43.86	366.6666
43.87	400
43.88	366.6666
43.89	433.3334
43.9	566.6666
43.91	233.3334
43.92	566.6666
43.93	533.3334
43.94	466.6666
43.95	333.3334
43.96	400
43.97	366.6666
43.98	500
43.99	500
44	200
44.01	400
44.02	466.6666
44.03	466.6666
44.04	466.6666
44.05	400
44.06	466.6666
44.07	266.6666
44.08	466.6666
44.09	466.6666
44.1	433.3334
44.11	500
44.12	533.3334
44.13	566.6666
44.14	900
44.15	1000
44.16	766.6666
44.17	933.3334
44.18	666.6666
44.19	1033.3334
44.2	833.3334
44.21	1066.6666
44.22	1133.3334
44.23	1000
44.24	1133.3334
44.25	966.6666
44.26	1166.6666
44.27	1466.6666
44.28	1533.3334
44.29	2066.6666
44.3	2166.6666
44.31	1966.6666
44.32	2433.3334
44.33	3133.3334
44.34	3366.6666
44.35	3866.6666
44.36	4600
44.37	5233.3334
44.38	6033.3334
44.39	5133.3334
44.4	5333.3334
44.41	5833.3334
44.42	6166.6666
44.43	6133.3334
44.44	5700
44.45	5133.3334
44.46	5333.3334
44.47	4866.6666
44.48	5000
44.49	4300
44.5	4500
44.51	3733.3334
44.52	4200
44.53	4000
44.54	3466.6666
44.55	3733.3334
44.56	3100
44.57	2833.3334
44.58	2366.6666
44.59	2266.6666
44.6	1766.6666
44.61	1600
44.62	1566.6666
44.63	1333.3334
44.64	966.6666
44.65	933.3334
44.66	1133.3334
44.67	1133.3334
44.68	966.6666
44.69	866.6666
44.7	633.3334
44.71	833.3334
44.72	900
44.73	566.6666
44.74	633.3334
44.75	500
44.76	666.6666
44.77	433.3334
44.78	733.3334
44.79	566.6666
44.8	433.3334
44.81	500
44.82	633.3334
44.83	633.3334
44.84	433.3334
44.85	366.6666
44.86	433.3334
44.87	366.6666
44.88	466.6666
44.89	333.3334
44.9	666.6666
44.91	500
44.92	366.6666
44.93	366.6666
44.94	500
44.95	433.3334
44.96	566.6666
44.97	300
44.98	500
44.99	400
45	366.6666
45.01	266.6666
45.02	400
45.03	266.6666
45.04	500
45.05	333.3334
45.06	233.3334
45.07	366.6666
45.08	400
45.09	366.6666
45.1	500
45.11	433.3334
45.12	233.3334
45.13	400
45.14	300
45.15	366.6666
45.16	466.6666
45.17	533.3334
45.18	566.6666
45.19	300
45.2	300
45.21	333.3334
45.22	433.3334
45.23	533.3334
45.24	400
45.25	400
45.26	400
45.27	400
45.28	266.6666
45.29	333.3334
45.3	366.6666
45.31	533.3334
45.32	400
45.33	233.3334
45.34	166.6666
45.35	233.3334
45.36	133.3334
45.37	333.3334
45.38	266.6666
45.39	400
45.4	333.3334
45.41	300
45.42	300
45.43	400
45.44	333.3334
45.45	133.3334
45.46	300
45.47	300
45.48	366.6666
45.49	366.6666
45.5	433.3334
45.51	200
45.52	366.6666
45.53	300
45.54	400
45.55	433.3334
45.56	300
45.57	200
45.58	500
45.59	400
45.6	533.3334
45.61	400
45.62	333.3334
45.63	233.3334
45.64	433.3334
45.65	333.3334
45.66	233.3334
45.67	333.3334
45.68	300
45.69	533.3334
45.7	366.6666
45.71	266.6666
45.72	266.6666
45.73	400
45.74	466.6666
45.75	333.3334
45.76	266.6666
45.77	266.6666
45.78	466.6666
45.79	433.3334
45.8	333.3334
45.81	266.6666
45.82	233.3334
45.83	433.3334
45.84	533.3334
45.85	366.6666
45.86	333.3334
45.87	566.6666
45.88	400
45.89	300
45.9	233.3334
45.91	400
45.92	400
45.93	466.6666
45.94	333.3334
45.95	300
45.96	633.3334
45.97	400
45.98	233.3334
45.99	333.3334
46	433.3334
46.01	266.6666
46.02	266.6666
46.03	300
46.04	333.3334
46.05	266.6666
46.06	333.3334
46.07	333.3334
46.08	466.6666
46.09	466.6666
46.1	433.3334
46.11	533.3334
46.12	533.3334
46.13	433.3334
46.14	200
46.15	200
46.16	566.6666
46.17	200
46.18	433.3334
46.19	400
46.2	533.3334
46.21	400
46.22	333.3334
46.23	233.3334
46.24	400
46.25	333.3334
46.26	300
46.27	366.6666
46.28	300
46.29	366.6666
46.3	333.3334
46.31	333.3334
46.32	166.6666
46.33	366.6666
46.34	300
46.35	266.6666
46.36	266.6666
46.37	400
46.38	166.6666
46.39	33.3334
46.4	200
46.41	233.3334
46.42	266.6666
46.43	400
46.44	366.6666
46.45	400
46.46	366.6666
46.47	333.3334
46.48	100
46.49	400
46.5	333.3334
46.51	200
46.52	233.3334
46.53	300
46.54	266.6666
46.55	266.6666
46.56	433.3334
46.57	300
46.58	433.3334
46.59	466.6666
46.6	433.3334
46.61	400
46.62	600
46.63	333.3334
46.64	366.6666
46.65	466.6666
46.66	500
46.67	466.6666
46.68	466.6666
46.69	333.3334
46.7	233.3334
46.71	266.6666
46.72	466.6666
46.73	433.3334
46.74	233.3334
46.75	233.3334
46.76	500
46.77	400
46.78	333.3334
46.79	300
46.8	333.3334
46.81	300
46.82	333.3334
46.83	366.6666
46.84	366.6666
46.85	266.6666
46.86	366.6666
46.87	366.6666
46.88	366.6666
46.89	233.3334
46.9	333.3334
46.91	466.6666
46.92	233.3334
46.93	300
46.94	300
46.95	333.3334
46.96	300
46.97	366.6666
46.98	300
46.99	266.6666
47	400
47.01	566.6666
47.02	300
47.03	300
47.04	333.3334
47.05	233.3334
47.06	266.6666
47.07	366.6666
47.08	333.3334
47.09	200
47.1	266.6666
47.11	266.6666
47.12	466.6666
47.13	233.3334
47.14	400
47.15	266.6666
47.16	366.6666
47.17	300
47.18	200
47.19	266.6666
47.2	333.3334
47.21	366.6666
47.22	300
47.23	333.3334
47.24	266.6666
47.25	100
47.26	200
47.27	233.3334
47.28	433.3334
47.29	400
47.3	333.3334
47.31	266.6666
47.32	466.6666
47.33	500
47.34	333.3334
47.35	166.6666
47.36	233.3334
47.37	400
47.38	233.3334
47.39	300
47.4	233.3334
47.41	466.6666
47.42	366.6666
47.43	400
47.44	233.3334
47.45	200
47.46	266.6666
47.47	400
47.48	400
47.49	366.6666
47.5	500
47.51	300
47.52	300
47.53	366.6666
47.54	533.3334
47.55	266.6666
47.56	533.3334
47.57	200
47.58	333.3334
47.59	333.3334
47.6	433.3334
47.61	200
47.62	400
47.63	266.6666
47.64	333.3334
47.65	333.3334
47.66	433.3334
47.67	500
47.68	233.3334
47.69	400
47.7	566.6666
47.71	333.3334
47.72	533.3334
47.73	366.6666
47.74	400
47.75	300
47.76	400
47.77	300
47.78	233.3334
47.79	333.3334
47.8	233.3334
47.81	366.6666
47.82	300
47.83	366.6666
47.84	333.3334
47.85	200
47.86	200
47.87	300
47.88	300
47.89	500
47.9	166.6666
47.91	266.6666
47.92	366.6666
47.93	166.6666
47.94	300
47.95	300
47.96	233.3334
47.97	400
47.98	100
47.99	333.3334
48	366.6666
48.01	300
48.02	233.3334
48.03	400
48.04	266.6666
48.05	400
48.06	366.6666
48.07	466.6666
48.08	400
48.09	166.6666
48.1	433.3334
48.11	300
48.12	400
48.13	400
48.14	266.6666
48.15	400
48.16	433.3334
48.17	100
48.18	366.6666
48.19	333.3334
48.2	433.3334
48.21	200
48.22	233.3334
48.23	200
48.24	300
48.25	200
48.26	233.3334
48.27	233.3334
48.28	300
48.29	233.3334
48.3	266.6666
48.31	200
48.32	233.3334
48.33	433.3334
48.34	266.6666
48.35	200
48.36	300
48.37	333.3334
48.38	166.6666
48.39	333.3334
48.4	233.3334
48.41	166.6666
48.42	66.6666
48.43	366.6666
48.44	300
48.45	300
48.46	133.3334
48.47	300
48.48	366.6666
48.49	366.6666
48.5	433.3334
48.51	266.6666
48.52	400
48.53	266.6666
48.54	366.6666
48.55	633.3334
48.56	266.6666
48.57	400
48.58	300
48.59	200
48.6	433.3334
48.61	333.3334
48.62	266.6666
48.63	366.6666
48.64	200
48.65	300
48.66	266.6666
48.67	566.6666
48.68	233.3334
48.69	433.3334
48.7	233.3334
48.71	433.3334
48.72	333.3334
48.73	300
48.74	433.3334
48.75	266.6666
48.76	366.6666
48.77	466.6666
48.78	366.6666
48.79	400
48.8	200
48.81	300
48.82	233.3334
48.83	233.3334
48.84	333.3334
48.85	366.6666
48.86	266.6666
48.87	366.6666
48.88	500
48.89	466.6666
48.9	366.6666
48.91	133.3334
48.92	566.6666
48.93	266.6666
48.94	333.3334
48.95	266.6666
48.96	366.6666
48.97	366.6666
48.98	233.3334
48.99	333.3334
49	166.6666
49.01	333.3334
49.02	333.3334
49.03	233.3334
49.04	266.6666
49.05	133.3334
49.06	300
49.07	400
49.08	333.3334
49.09	200
49.1	233.3334
49.11	200
49.12	300
49.13	300
49.14	400
49.15	300
49.16	233.3334
49.17	433.3334
49.18	300
49.19	333.3334
49.2	400
49.21	300
49.22	266.6666
49.23	233.3334
49.24	366.6666
49.25	266.6666
49.26	400
49.27	266.6666
49.28	233.3334
49.29	233.3334
49.3	333.3334
49.31	266.6666
49.32	266.6666
49.33	133.3334
49.34	233.3334
49.35	300
49.36	366.6666
49.37	400
49.38	200
49.39	300
49.4	166.6666
49.41	233.3334
49.42	433.3334
49.43	300
49.44	166.6666
49.45	466.6666
49.46	133.3334
49.47	366.6666
49.48	200
49.49	300
49.5	333.3334
49.51	233.3334
49.52	400
49.53	333.3334
49.54	400
49.55	433.3334
49.56	266.6666
49.57	200
49.58	366.6666
49.59	333.3334
49.6	400
49.61	366.6666
49.62	133.3334
49.63	300
49.64	366.6666
49.65	333.3334
49.66	400
49.67	200
49.68	200
49.69	266.6666
49.7	266.6666
49.71	466.6666
49.72	200
49.73	200
49.74	166.6666
49.75	300
49.76	133.3334
49.77	200
49.78	300
49.79	366.6666
49.8	300
49.81	233.3334
49.82	133.3334
49.83	233.3334
49.84	300
49.85	400
49.86	333.3334
49.87	233.3334
49.88	400
49.89	300
49.9	200
49.91	333.3334
49.92	366.6666
49.93	466.6666
49.94	333.3334
49.95	466.6666
49.96	400
49.97	66.6666
49.98	233.3334
49.99	366.6666
50	266.6666
50.01	266.6666
50.02	333.3334
50.03	400
50.04	100
50.05	233.3334
50.06	233.3334
50.07	266.6666
50.08	266.6666
50.09	233.3334
50.1	133.3334
50.11	300
50.12	266.6666
50.13	300
50.14	400
50.15	300
50.16	233.3334
50.17	333.3334
50.18	433.3334
50.19	233.3334
50.2	400
50.21	300
50.22	500
50.23	200
50.24	400
50.25	233.3334
50.26	166.6666
50.27	300
50.28	400
50.29	266.6666
50.3	300
50.31	400
50.32	200
50.33	266.6666
50.34	233.3334
50.35	166.6666
50.36	200
50.37	333.3334
50.38	133.3334
50.39	233.3334
50.4	300
50.41	300
50.42	400
50.43	300
50.44	166.6666
50.45	233.3334
50.46	266.6666
50.47	133.3334
50.48	133.3334
50.49	366.6666
50.5	366.6666
50.51	200
50.52	166.6666
50.53	300
50.54	433.3334
50.55	300
50.56	233.3334
50.57	333.3334
50.58	400
50.59	400
50.6	433.3334
50.61	300
50.62	333.3334
50.63	300
50.64	333.3334
50.65	266.6666
50.66	333.3334
50.67	133.3334
50.68	200
50.69	333.3334
50.7	366.6666
50.71	300
50.72	233.3334
50.73	200
50.74	200
50.75	233.3334
50.76	366.6666
50.77	266.6666
50.78	533.3334
50.79	333.3334
50.8	200
50.81	300
50.82	133.3334
50.83	300
50.84	200
50.85	233.3334
50.86	300
50.87	300
50.88	300
50.89	333.3334
50.9	266.6666
50.91	233.3334
50.92	400
50.93	266.6666
50.94	233.3334
50.95	333.3334
50.96	400
50.97	133.3334
50.98	366.6666
50.99	233.3334
51	366.6666
51.01	366.6666
51.02	366.6666
51.03	233.3334
51.04	366.6666
51.05	166.6666
51.06	433.3334
51.07	300
51.08	200
51.09	233.3334
51.1	466.6666
51.11	433.3334
51.12	400
51.13	400
51.14	533.3334
51.15	200
51.16	266.6666
51.17	166.6666
51.18	300
51.19	433.3334
51.2	266.6666
51.21	200
51.22	366.6666
51.23	400
51.24	400
51.25	466.6666
51.26	500
51.27	333.3334
51.28	333.3334
51.29	266.6666
51.3	366.6666
51.31	266.6666
51.32	200
51.33	266.6666
51.34	233.3334
51.35	333.3334
51.36	233.3334
51.37	233.3334
51.38	500
51.39	300
51.4	433.3334
51.41	366.6666
51.42	333.3334
51.43	233.3334
51.44	333.3334
51.45	466.6666
51.46	400
51.47	166.6666
51.48	300
51.49	266.6666
51.5	300
51.51	300
51.52	300
51.53	233.3334
51.54	200
51.55	300
51.56	300
51.57	433.3334
51.58	400
51.59	233.3334
51.6	366.6666
51.61	333.3334
51.62	300
51.63	166.6666
51.64	433.3334
51.65	433.3334
51.66	166.6666
51.67	366.6666
51.68	433.3334
51.69	233.3334
51.7	200
51.71	466.6666
51.72	300
51.73	333.3334
51.74	500
51.75	233.3334
51.76	300
51.77	300
51.78	333.3334
51.79	433.3334
51.8	366.6666
51.81	300
51.82	266.6666
51.83	333.3334
51.84	333.3334
51.85	300
51.86	233.3334
51.87	266.6666
51.88	300
51.89	400
51.9	366.6666
51.91	266.6666
51.92	100
51.93	300
51.94	266.6666
51.95	466.6666
51.96	266.6666
51.97	266.6666
51.98	233.3334
51.99	466.6666
52	266.6666
52.01	266.6666
52.02	333.3334
52.03	266.6666
52.04	266.6666
52.05	300
52.06	400
52.07	233.3334
52.08	333.3334
52.09	333.3334
52.1	366.6666
52.11	200
52.12	366.6666
52.13	200
52.14	200
52.15	266.6666
52.16	200
52.17	266.6666
52.18	400
52.19	366.6666
52.2	100
52.21	400
52.22	433.3334
52.23	333.3334
52.24	400
52.25	233.3334
52.26	166.6666
52.27	200
52.28	300
52.29	366.6666
52.3	300
52.31	200
52.32	333.3334
52.33	166.6666
52.34	200
52.35	333.3334
52.36	266.6666
52.37	233.3334
52.38	233.3334
52.39	200
52.4	300
52.41	200
52.42	266.6666
52.43	266.6666
52.44	200
52.45	366.6666
52.46	333.3334
52.47	366.6666
52.48	333.3334
52.49	500
52.5	366.6666
52.51	333.3334
52.52	200
52.53	333.3334
52.54	266.6666
52.55	400
52.56	266.6666
52.57	266.6666
52.58	133.3334
52.59	300
52.6	266.6666
52.61	366.6666
52.62	366.6666
52.63	400
52.64	500
52.65	233.3334
52.66	300
52.67	200
52.68	133.3334
52.69	300
52.7	200
52.71	166.6666
52.72	300
52.73	400
52.74	266.6666
52.75	266.6666
52.76	300
52.77	266.6666
52.78	200
52.79	233.3334
52.8	333.3334
52.81	433.3334
52.82	466.6666
52.83	400
52.84	166.6666
52.85	400
52.86	266.6666
52.87	133.3334
52.88	166.6666
52.89	233.3334
52.9	233.3334
52.91	366.6666
52.92	433.3334
52.93	366.6666
52.94	400
52.95	233.3334
52.96	333.3334
52.97	233.3334
52.98	266.6666
52.99	166.6666
53	400
53.01	433.3334
53.02	166.6666
53.03	266.6666
53.04	366.6666
53.05	266.6666
53.06	300
53.07	433.3334
53.08	300
53.09	266.6666
53.1	300
53.11	266.6666
53.12	266.6666
53.13	400
53.14	300
53.15	366.6666
53.16	233.3334
53.17	333.3334
53.18	300
53.19	200
53.2	333.3334
53.21	100
53.22	200
53.23	266.6666
53.24	333.3334
53.25	366.6666
53.26	466.6666
53.27	300
53.28	400
53.29	300
53.3	333.3334
53.31	366.6666
53.32	333.3334
53.33	233.3334
53.34	300
53.35	366.6666
53.36	333.3334
53.37	433.3334
53.38	466.6666
53.39	300
53.4	166.6666
53.41	266.6666
53.42	233.3334
53.43	233.3334
53.44	366.6666
53.45	233.3334
53.46	233.3334
53.47	300
53.48	266.6666
53.49	200
53.5	300
53.51	166.6666
53.52	166.6666
53.53	133.3334
53.54	300
53.55	366.6666
53.56	433.3334
53.57	333.3334
53.58	266.6666
53.59	166.6666
53.6	233.3334
53.61	300
53.62	333.3334
53.63	366.6666
53.64	300
53.65	266.6666
53.66	133.3334
53.67	300
53.68	333.3334
53.69	233.3334
53.7	400
53.71	266.6666
53.72	166.6666
53.73	266.6666
53.74	300
53.75	266.6666
53.76	400
53.77	366.6666
53.78	500
53.79	400
53.8	333.3334
53.81	366.6666
53.82	333.3334
53.83	300
53.84	133.3334
53.85	266.6666
53.86	400
53.87	166.6666
53.88	366.6666
53.89	200
53.9	366.6666
53.91	333.3334
53.92	433.3334
53.93	400
53.94	366.6666
53.95	233.3334
53.96	433.3334
53.97	266.6666
53.98	366.6666
53.99	300
54	466.6666
54.01	333.3334
54.02	433.3334
54.03	266.6666
54.04	266.6666
54.05	333.3334
54.06	300
54.07	200
54.08	400
54.09	200
54.1	333.3334
54.11	200
54.12	233.3334
54.13	200
54.14	200
54.15	500
54.16	266.6666
54.17	300
54.18	300
54.19	166.6666
54.2	266.6666
54.21	300
54.22	200
54.23	266.6666
54.24	300
54.25	233.3334
54.26	233.3334
54.27	466.6666
54.28	300
54.29	300
54.3	200
54.31	266.6666
54.32	233.3334
54.33	333.3334
54.34	233.3334
54.35	500
54.36	400
54.37	366.6666
54.38	433.3334
54.39	300
54.4	433.3334
54.41	300
54.42	300
54.43	300
54.44	300
54.45	333.3334
54.46	166.6666
54.47	266.6666
54.48	166.6666
54.49	433.3334
54.5	300
54.51	300
54.52	200
54.53	266.6666
54.54	366.6666
54.55	100
54.56	133.3334
54.57	266.6666
54.58	200
54.59	166.6666
54.6	400
54.61	300
54.62	266.6666
54.63	200
54.64	366.6666
54.65	333.3334
54.66	200
54.67	133.3334
54.68	333.3334
54.69	200
54.7	166.6666
54.71	200
54.72	333.3334
54.73	600
54.74	200
54.75	233.3334
54.76	100
54.77	200
54.78	200
54.79	333.3334
54.8	166.6666
54.81	366.6666
54.82	300
54.83	333.3334
54.84	266.6666
54.85	500
54.86	200
54.87	266.6666
54.88	233.3334
54.89	233.3334
54.9	400
54.91	166.6666
54.92	300
54.93	333.3334
54.94	333.3334
54.95	433.3334
54.96	233.3334
54.97	366.6666
54.98	200
54.99	300
55	300
55.01	333.3334
55.02	166.6666
55.03	233.3334
55.04	233.3334
55.05	366.6666
55.06	333.3334
55.07	300
55.08	133.3334
55.09	433.3334
55.1	200
55.11	166.6666
55.12	233.3334
55.13	333.3334
55.14	400
55.15	100
55.16	333.3334
55.17	366.6666
55.18	333.3334
55.19	366.6666
55.2	233.3334
55.21	600
55.22	233.3334
55.23	300
55.24	133.3334
55.25	266.6666
55.26	366.6666
55.27	400
55.28	200
55.29	333.3334
55.3	366.6666
55.31	300
55.32	300
55.33	500
55.34	366.6666
55.35	333.3334
55.36	266.6666
55.37	300
55.38	266.6666
55.39	233.3334
55.4	233.3334
55.41	200
55.42	333.3334
55.43	600
55.44	233.3334
55.45	300
55.46	266.6666
55.47	300
55.48	200
55.49	200
55.5	300
55.51	333.3334
55.52	300
55.53	366.6666
55.54	300
55.55	200
55.56	166.6666
55.57	433.3334
55.58	433.3334
55.59	266.6666
55.6	166.6666
55.61	100
55.62	333.3334
55.63	266.6666
55.64	233.3334
55.65	333.3334
55.66	400
55.67	366.6666
55.68	300
55.69	400
55.7	166.6666
55.71	300
55.72	166.6666
55.73	300
55.74	466.6666
55.75	233.3334
55.76	200
55.77	233.3334
55.78	200
55.79	266.6666
55.8	333.3334
55.81	366.6666
55.82	200
55.83	300
55.84	300
55.85	233.3334
55.86	200
55.87	233.3334
55.88	166.6666
55.89	366.6666
55.9	433.3334
55.91	466.6666
55.92	300
55.93	266.6666
55.94	133.3334
55.95	266.6666
55.96	266.6666
55.97	266.6666
55.98	333.3334
55.99	200
56	266.6666
56.01	300
56.02	300
56.03	266.6666
56.04	400
56.05	300
56.06	266.6666
56.07	433.3334
56.08	300
56.09	266.6666
56.1	200
56.11	166.6666
56.12	300
56.13	266.6666
56.14	333.3334
56.15	300
56.16	166.6666
56.17	166.6666
56.18	166.6666
56.19	166.6666
56.2	133.3334
56.21	200
56.22	266.6666
56.23	200
56.24	233.3334
56.25	200
56.26	133.3334
56.27	133.3334
56.28	500
56.29	333.3334
56.3	333.3334
56.31	366.6666
56.32	466.6666
56.33	300
56.34	200
56.35	400
56.36	266.6666
56.37	433.3334
56.38	400
56.39	366.6666
56.4	266.6666
56.41	333.3334
56.42	233.3334
56.43	266.6666
56.44	233.3334
56.45	300
56.46	300
56.47	200
56.48	233.3334
56.49	233.3334
56.5	300
56.51	233.3334
56.52	266.6666
56.53	333.3334
56.54	200
56.55	300
56.56	200
56.57	300
56.58	233.3334
56.59	333.3334
56.6	400
56.61	200
56.62	133.3334
56.63	233.3334
56.64	200
56.65	333.3334
56.66	200
56.67	233.3334
56.68	366.6666
56.69	200
56.7	266.6666
56.71	266.6666
56.72	266.6666
56.73	200
56.74	100
56.75	233.3334
56.76	100
56.77	166.6666
56.78	233.3334
56.79	166.6666
56.8	333.3334
56.81	200
56.82	333.3334
56.83	400
56.84	466.6666
56.85	266.6666
56.86	266.6666
56.87	266.6666
56.88	200
56.89	200
56.9	300
56.91	200
56.92	400
56.93	266.6666
56.94	266.6666
56.95	366.6666
56.96	300
56.97	500
56.98	366.6666
56.99	133.3334
57	233.3334
57.01	366.6666
57.02	400
57.03	200
57.04	166.6666
57.05	200
57.06	166.6666
57.07	166.6666
57.08	166.6666
57.09	333.3334
57.1	233.3334
57.11	266.6666
57.12	166.6666
57.13	333.3334
57.14	500
57.15	300
57.16	300
57.17	300
57.18	266.6666
57.19	200
57.2	333.3334
57.21	266.6666
57.22	300
57.23	200
57.24	133.3334
57.25	200
57.26	200
57.27	333.3334
57.28	400
57.29	433.3334
57.3	366.6666
57.31	266.6666
57.32	133.3334
57.33	300
57.34	300
57.35	266.6666
57.36	366.6666
57.37	366.6666
57.38	566.6666
57.39	300
57.4	233.3334
57.41	433.3334
57.42	233.3334
57.43	200
57.44	500
57.45	200
57.46	433.3334
57.47	366.6666
57.48	266.6666
57.49	300
57.5	200
57.51	300
57.52	466.6666
57.53	200
57.54	133.3334
57.55	233.3334
57.56	233.3334
57.57	66.6666
57.58	233.3334
57.59	266.6666
57.6	166.6666
57.61	466.6666
57.62	500
57.63	266.6666
57.64	333.3334
57.65	366.6666
57.66	200
57.67	266.6666
57.68	166.6666
57.69	166.6666
57.7	366.6666
57.71	233.3334
57.72	333.3334
57.73	200
57.74	200
57.75	200
57.76	266.6666
57.77	266.6666
57.78	100
57.79	233.3334
57.8	533.3334
57.81	366.6666
57.82	433.3334
57.83	366.6666
57.84	133.3334
57.85	300
57.86	333.3334
57.87	166.6666
57.88	166.6666
57.89	300
57.9	300
57.91	366.6666
57.92	166.6666
57.93	200
57.94	200
57.95	333.3334
57.96	300
57.97	133.3334
57.98	366.6666
57.99	300
58	266.6666
58.01	200
58.02	400
58.03	233.3334
58.04	166.6666
58.05	300
58.06	233.3334
58.07	233.3334
58.08	200
58.09	300
58.1	366.6666
58.11	266.6666
58.12	366.6666
58.13	333.3334
58.14	233.3334
58.15	266.6666
58.16	300
58.17	233.3334
58.18	66.6666
58.19	333.3334
58.2	233.3334
58.21	366.6666
58.22	266.6666
58.23	133.3334
58.24	200
58.25	233.3334
58.26	366.6666
58.27	233.3334
58.28	333.3334
58.29	366.6666
58.3	200
58.31	266.6666
58.32	333.3334
58.33	333.3334
58.34	200
58.35	166.6666
58.36	266.6666
58.37	133.3334
58.38	200
58.39	333.3334
58.4	300
58.41	333.3334
58.42	266.6666
58.43	300
58.44	166.6666
58.45	366.6666
58.46	433.3334
58.47	166.6666
58.48	133.3334
58.49	166.6666
58.5	233.3334
58.51	266.6666
58.52	233.3334
58.53	266.6666
58.54	300
58.55	200
58.56	166.6666
58.57	366.6666
58.58	266.6666
58.59	133.3334
58.6	133.3334
58.61	200
58.62	133.3334
58.63	166.6666
58.64	333.3334
58.65	233.3334
58.66	266.6666
58.67	400
58.68	266.6666
58.69	133.3334
58.7	233.3334
58.71	333.3334
58.72	200
58.73	233.3334
58.74	133.3334
58.75	166.6666
58.76	300
58.77	233.3334
58.78	300
58.79	333.3334
58.8	266.6666
58.81	266.6666
58.82	266.6666
58.83	166.6666
58.84	400
58.85	300
58.86	333.3334
58.87	166.6666
58.88	333.3334
58.89	100
58.9	233.3334
58.91	300
58.92	233.3334
58.93	266.6666
58.94	300
58.95	266.6666
58.96	300
58.97	433.3334
58.98	266.6666
58.99	333.3334
59	100
59.01	366.6666
59.02	233.3334
59.03	266.6666
59.04	366.6666
59.05	333.3334
59.06	300
59.07	166.6666
59.08	266.6666
59.09	300
59.1	166.6666
59.11	166.6666
59.12	366.6666
59.13	266.6666
59.14	333.3334
59.15	233.3334
59.16	166.6666
59.17	200
59.18	233.3334
59.19	200
59.2	233.3334
59.21	166.6666
59.22	300
59.23	266.6666
59.24	133.3334
59.25	233.3334
59.26	300
59.27	266.6666
59.28	400
59.29	300
59.3	266.6666
59.31	200
59.32	233.3334
59.33	200
59.34	233.3334
59.35	366.6666
59.36	300
59.37	300
59.38	200
59.39	166.6666
59.4	266.6666
59.41	366.6666
59.42	300
59.43	300
59.44	100
59.45	300
59.46	533.3334
59.47	300
59.48	333.3334
59.49	133.3334
59.5	233.3334
59.51	233.3334
59.52	133.3334
59.53	300
59.54	300
59.55	166.6666
59.56	266.6666
59.57	166.6666
59.58	266.6666
59.59	266.6666
59.6	200
59.61	333.3334
59.62	233.3334
59.63	233.3334
59.64	400
59.65	166.6666
59.66	166.6666
59.67	166.6666
59.68	333.3334
59.69	266.6666
59.7	166.6666
59.71	266.6666
59.72	300
59.73	200
59.74	333.3334
59.75	200
59.76	166.6666
59.77	200
59.78	233.3334
59.79	333.3334
59.8	233.3334
59.81	233.3334
59.82	300
59.83	366.6666
59.84	266.6666
59.85	300
59.86	300
59.87	100
59.88	266.6666
59.89	300
59.9	233.3334
59.91	233.3334
59.92	233.3334
59.93	200
59.94	200
59.95	366.6666
59.96	66.6666
59.97	233.3334
59.98	266.6666
59.99	200
60	266.6666
60.01	233.3334
60.02	266.6666
60.03	233.3334
60.04	300
60.05	266.6666
60.06	266.6666
60.07	300
60.08	300
60.09	200
60.1	200
60.11	166.6666
60.12	200
60.13	333.3334
60.14	333.3334
60.15	433.3334
60.16	300
60.17	266.6666
60.18	133.3334
60.19	266.6666
60.2	200
60.21	200
60.22	300
60.23	100
60.24	200
60.25	133.3334
60.26	266.6666
60.27	266.6666
60.28	266.6666
60.29	200
60.3	200
60.31	400
60.32	300
60.33	400
60.34	300
60.35	300
60.36	266.6666
60.37	400
60.38	200
60.39	133.3334
60.4	233.3334
60.41	233.3334
60.42	100
60.43	366.6666
60.44	200
60.45	166.6666
60.46	166.6666
60.47	200
60.48	166.6666
60.49	233.3334
60.5	166.6666
60.51	200
60.52	266.6666
60.53	400
60.54	366.6666
60.55	233.3334
60.56	166.6666
60.57	400
60.58	300
60.59	500
60.6	233.3334
60.61	166.6666
60.62	233.3334
60.63	266.6666
60.64	300
60.65	233.3334
60.66	133.3334
60.67	433.3334
60.68	333.3334
60.69	233.3334
60.7	166.6666
60.71	166.6666
60.72	166.6666
60.73	400
60.74	366.6666
60.75	266.6666
60.76	333.3334
60.77	300
60.78	300
60.79	366.6666
60.8	166.6666
60.81	133.3334
60.82	166.6666
60.83	266.6666
60.84	333.3334
60.85	366.6666
60.86	233.3334
60.87	233.3334
60.88	266.6666
60.89	133.3334
60.9	466.6666
60.91	166.6666
60.92	300
60.93	133.3334
60.94	300
60.95	233.3334
60.96	266.6666
60.97	233.3334
60.98	300
60.99	433.3334
61	266.6666
61.01	133.3334
61.02	366.6666
61.03	133.3334
61.04	200
61.05	200
61.06	300
61.07	400
61.08	400
61.09	266.6666
61.1	233.3334
61.11	200
61.12	200
61.13	166.6666
61.14	366.6666
61.15	300
61.16	266.6666
61.17	100
61.18	200
61.19	233.3334
61.2	266.6666
61.21	466.6666
61.22	433.3334
61.23	233.3334
61.24	233.3334
61.25	400
61.26	266.6666
61.27	233.3334
61.28	233.3334
61.29	266.6666
61.3	400
61.31	366.6666
61.32	233.3334
61.33	100
61.34	300
61.35	166.6666
61.36	200
61.37	300
61.38	400
61.39	233.3334
61.4	166.6666
61.41	233.3334
61.42	233.3334
61.43	133.3334
61.44	266.6666
61.45	233.3334
61.46	400
61.47	333.3334
61.48	233.3334
61.49	233.3334
61.5	200
61.51	233.3334
61.52	166.6666
61.53	166.6666
61.54	266.6666
61.55	266.6666
61.56	166.6666
61.57	333.3334
61.58	200
61.59	300
61.6	400
61.61	266.6666
61.62	300
61.63	266.6666
61.64	133.3334
61.65	333.3334
61.66	433.3334
61.67	233.3334
61.68	266.6666
61.69	400
61.7	300
61.71	433.3334
61.72	266.6666
61.73	233.3334
61.74	333.3334
61.75	100
61.76	300
61.77	400
61.78	200
61.79	300
61.8	233.3334
61.81	266.6666
61.82	333.3334
61.83	233.3334
61.84	133.3334
61.85	266.6666
61.86	266.6666
61.87	133.3334
61.88	266.6666
61.89	266.6666
61.9	200
61.91	266.6666
61.92	400
61.93	266.6666
61.94	233.3334
61.95	233.3334
61.96	233.3334
61.97	133.3334
61.98	333.3334
61.99	266.6666
62	400
62.01	266.6666
62.02	333.3334
62.03	300
62.04	166.6666
62.05	300
62.06	133.3334
62.07	300
62.08	300
62.09	133.3334
62.1	300
62.11	233.3334
62.12	200
62.13	266.6666
62.14	166.6666
62.15	233.3334
62.16	300
62.17	366.6666
62.18	366.6666
62.19	200
62.2	133.3334
62.21	400
62.22	300
62.23	366.6666
62.24	100
62.25	233.3334
62.26	400
62.27	233.3334
62.28	100
62.29	300
62.3	400
62.31	266.6666
62.32	200
62.33	200
62.34	266.6666
62.35	466.6666
62.36	433.3334
62.37	200
62.38	300
62.39	200
62.4	333.3334
62.41	333.3334
62.42	333.3334
62.43	200
62.44	266.6666
62.45	166.6666
62.46	166.6666
62.47	200
62.48	233.3334
62.49	300
62.5	266.6666
62.51	366.6666
62.52	366.6666
62.53	233.3334
62.54	133.3334
62.55	266.6666
62.56	400
62.57	366.6666
62.58	300
62.59	366.6666
62.6	200
62.61	233.3334
62.62	133.3334
62.63	200
62.64	400
62.65	300
62.66	200
62.67	233.3334
62.68	366.6666
62.69	266.6666
62.7	500
62.71	333.3334
62.72	166.6666
62.73	166.6666
62.74	166.6666
62.75	266.6666
62.76	400
62.77	433.3334
62.78	166.6666
62.79	300
62.8	333.3334
62.81	333.3334
62.82	233.3334
62.83	200
62.84	266.6666
62.85	400
62.86	400
62.87	333.3334
62.88	133.3334
62.89	233.3334
62.9	200
62.91	166.6666
62.92	200
62.93	500
62.94	333.3334
62.95	133.3334
62.96	200
62.97	133.3334
62.98	166.6666
62.99	100
63	166.6666
63.01	300
63.02	400
63.03	400
63.04	266.6666
63.05	300
63.06	433.3334
63.07	433.3334
63.08	233.3334
63.09	300
63.1	233.3334
63.11	366.6666
63.12	300
63.13	66.6666
63.14	300
63.15	500
63.16	200
63.17	166.6666
63.18	233.3334
63.19	400
63.2	400
63.21	300
63.22	366.6666
63.23	333.3334
63.24	233.3334
63.25	500
63.26	333.3334
63.27	133.3334
63.28	333.3334
63.29	300
63.3	166.6666
63.31	233.3334
63.32	300
63.33	400
63.34	300
63.35	466.6666
63.36	400
63.37	433.3334
63.38	300
63.39	300
63.4	300
63.41	366.6666
63.42	366.6666
63.43	266.6666
63.44	300
63.45	500
63.46	266.6666
63.47	533.3334
63.48	233.3334
63.49	266.6666
63.5	333.3334
63.51	266.6666
63.52	333.3334
63.53	333.3334
63.54	166.6666
63.55	266.6666
63.56	433.3334
63.57	400
63.58	333.3334
63.59	466.6666
63.6	533.3334
63.61	300
63.62	266.6666
63.63	466.6666
63.64	66.6666
63.65	333.3334
63.66	333.3334
63.67	433.3334
63.68	533.3334
63.69	333.3334
63.7	500
63.71	333.3334
63.72	300
63.73	300
63.74	233.3334
63.75	266.6666
63.76	400
63.77	266.6666
63.78	433.3334
63.79	466.6666
63.8	333.3334
63.81	200
63.82	400
63.83	566.6666
63.84	300
63.85	266.6666
63.86	433.3334
63.87	366.6666
63.88	400
63.89	300
63.9	266.6666
63.91	333.3334
63.92	266.6666
63.93	400
63.94	400
63.95	466.6666
63.96	266.6666
63.97	333.3334
63.98	300
63.99	400
64	233.3334
64.01	300
64.02	433.3334
64.03	266.6666
64.04	266.6666
64.05	300
64.06	500
64.07	333.3334
64.08	333.3334
64.09	266.6666
64.1	366.6666
64.11	466.6666
64.12	300
64.13	400
64.14	300
64.15	433.3334
64.16	300
64.17	266.6666
64.18	566.6666
64.19	433.3334
64.2	333.3334
64.21	400
64.22	533.3334
64.23	333.3334
64.24	566.6666
64.25	433.3334
64.26	766.6666
64.27	433.3334
64.28	500
64.29	466.6666
64.3	566.6666
64.31	566.6666
64.32	700
64.33	633.3334
64.34	700
64.35	633.3334
64.36	700
64.37	733.3334
64.38	1100
64.39	800
64.4	866.6666
64.41	1033.3334
64.42	1033.3334
64.43	1433.3334
64.44	1566.6666
64.45	1500
64.46	1766.6666
64.47	2300
64.48	2400
64.49	2333.3334
64.5	2633.3334
64.51	3100
64.52	3200
64.53	3200
64.54	2633.3334
64.55	2700
64.56	2566.6666
64.57	2400
64.58	2500
64.59	2200
64.6	2000
64.61	1633.3334
64.62	1166.6666
64.63	1666.6666
64.64	1300
64.65	1466.6666
64.66	1500
64.67	1766.6666
64.68	1633.3334
64.69	1766.6666
64.7	1900
64.71	2166.6666
64.72	1766.6666
64.73	1966.6666
64.74	1333.3334
64.75	1066.6666
64.76	1266.6666
64.77	1133.3334
64.78	1033.3334
64.79	966.6666
64.8	600
64.81	566.6666
64.82	666.6666
64.83	433.3334
64.84	433.3334
64.85	333.3334
64.86	400
64.87	366.6666
64.88	433.3334
64.89	400
64.9	633.3334
64.91	500
64.92	266.6666
64.93	500
64.94	233.3334
64.95	466.6666
64.96	300
64.97	433.3334
64.98	166.6666
64.99	233.3334
65	400
65.01	300
65.02	433.3334
65.03	366.6666
65.04	333.3334
65.05	166.6666
65.06	300
65.07	333.3334
65.08	433.3334
65.09	333.3334
65.1	200
65.11	400
65.12	133.3334
65.13	266.6666
65.14	233.3334
65.15	166.6666
65.16	166.6666
65.17	233.3334
65.18	233.3334
65.19	300
65.2	400
65.21	233.3334
65.22	366.6666
65.23	433.3334
65.24	266.6666
65.25	166.6666
65.26	333.3334
65.27	266.6666
65.28	100
65.29	133.3334
65.3	100
65.31	366.6666
65.32	333.3334
65.33	300
65.34	433.3334
65.35	400
65.36	333.3334
65.37	266.6666
65.38	366.6666
65.39	133.3334
65.4	333.3334
65.41	233.3334
65.42	233.3334
65.43	266.6666
65.44	233.3334
65.45	233.3334
65.46	133.3334
65.47	333.3334
65.48	200
65.49	266.6666
65.5	333.3334
65.51	300
65.52	266.6666
65.53	166.6666
65.54	233.3334
65.55	300
65.56	300
65.57	333.3334
65.58	366.6666
65.59	200
65.6	533.3334
65.61	300
65.62	333.3334
65.63	366.6666
65.64	266.6666
65.65	233.3334
65.66	300
65.67	233.3334
65.68	566.6666
65.69	366.6666
65.7	266.6666
65.71	333.3334
65.72	400
65.73	300
65.74	200
65.75	166.6666
65.76	166.6666
65.77	100
65.78	433.3334
65.79	133.3334
65.8	233.3334
65.81	233.3334
65.82	233.3334
65.83	200
65.84	333.3334
65.85	200
65.86	333.3334
65.87	300
65.88	200
65.89	66.6666
65.9	266.6666
65.91	466.6666
65.92	466.6666
65.93	266.6666
65.94	333.3334
65.95	300
65.96	233.3334
65.97	266.6666
65.98	300
65.99	300
66	300
66.01	233.3334
66.02	466.6666
66.03	300
66.04	233.3334
66.05	200
66.06	300
66.07	433.3334
66.08	200
66.09	266.6666
66.1	166.6666
66.11	300
66.12	133.3334
66.13	300
66.14	233.3334
66.15	233.3334
66.16	300
66.17	333.3334
66.18	266.6666
66.19	333.3334
66.2	333.3334
66.21	300
66.22	433.3334
66.23	166.6666
66.24	433.3334
66.25	300
66.26	233.3334
66.27	300
66.28	300
66.29	200
66.3	133.3334
66.31	400
66.32	366.6666
66.33	233.3334
66.34	400
66.35	200
66.36	366.6666
66.37	233.3334
66.38	166.6666
66.39	500
66.4	366.6666
66.41	333.3334
66.42	266.6666
66.43	300
66.44	300
66.45	333.3334
66.46	366.6666
66.47	233.3334
66.48	233.3334
66.49	200
66.5	233.3334
66.51	266.6666
66.52	366.6666
66.53	233.3334
66.54	133.3334
66.55	100
66.56	133.3334
66.57	266.6666
66.58	266.6666
66.59	266.6666
66.6	400
66.61	266.6666
66.62	266.6666
66.63	466.6666
66.64	266.6666
66.65	400
66.66	466.6666
66.67	400
66.68	333.3334
66.69	400
66.7	200
66.71	233.3334
66.72	233.3334
66.73	233.3334
66.74	300
66.75	233.3334
66.76	300
66.77	266.6666
66.78	300
66.79	300
66.8	333.3334
66.81	266.6666
66.82	200
66.83	200
66.84	200
66.85	300
66.86	366.6666
66.87	200
66.88	166.6666
66.89	300
66.9	333.3334
66.91	400
66.92	233.3334
66.93	400
66.94	400
66.95	333.3334
66.96	400
66.97	266.6666
66.98	166.6666
66.99	200
67	233.3334
67.01	300
67.02	233.3334
67.03	166.6666
67.04	266.6666
67.05	333.3334
67.06	166.6666
67.07	266.6666
67.08	333.3334
67.09	266.6666
67.1	333.3334
67.11	266.6666
67.12	266.6666
67.13	300
67.14	300
67.15	233.3334
67.16	100
67.17	333.3334
67.18	266.6666
67.19	166.6666
67.2	433.3334
67.21	100
67.22	400
67.23	266.6666
67.24	233.3334
67.25	300
67.26	300
67.27	500
67.28	300
67.29	266.6666
67.3	166.6666
67.31	233.3334
67.32	366.6666
67.33	266.6666
67.34	333.3334
67.35	366.6666
67.36	433.3334
67.37	366.6666
67.38	233.3334
67.39	133.3334
67.4	366.6666
67.41	266.6666
67.42	233.3334
67.43	200
67.44	433.3334
67.45	166.6666
67.46	200
67.47	300
67.48	300
67.49	100
67.5	200
67.51	366.6666
67.52	200
67.53	333.3334
67.54	400
67.55	400
67.56	366.6666
67.57	266.6666
67.58	233.3334
67.59	200
67.6	166.6666
67.61	233.3334
67.62	100
67.63	333.3334
67.64	166.6666
67.65	433.3334
67.66	166.6666
67.67	333.3334
67.68	100
67.69	133.3334
67.7	333.3334
67.71	200
67.72	200
67.73	333.3334
67.74	333.3334
67.75	266.6666
67.76	200
67.77	233.3334
67.78	333.3334
67.79	266.6666
67.8	333.3334
67.81	433.3334
67.82	433.3334
67.83	300
67.84	133.3334
67.85	500
67.86	400
67.87	166.6666
67.88	300
67.89	233.3334
67.9	266.6666
67.91	333.3334
67.92	300
67.93	300
67.94	166.6666
67.95	233.3334
67.96	300
67.97	366.6666
67.98	466.6666
67.99	300
68	400
68.01	366.6666
68.02	333.3334
68.03	333.3334
68.04	300
68.05	233.3334
68.06	266.6666
68.07	300
68.08	266.6666
68.09	233.3334
68.1	266.6666
68.11	266.6666
68.12	266.6666
68.13	200
68.14	400
68.15	300
68.16	333.3334
68.17	166.6666
68.18	366.6666
68.19	300
68.2	333.3334
68.21	233.3334
68.22	266.6666
68.23	233.3334
68.24	300
68.25	366.6666
68.26	366.6666
68.27	333.3334
68.28	400
68.29	200
68.3	300
68.31	200
68.32	400
68.33	266.6666
68.34	466.6666
68.35	300
68.36	200
68.37	166.6666
68.38	200
68.39	166.6666
68.4	366.6666
68.41	200
68.42	233.3334
68.43	266.6666
68.44	233.3334
68.45	133.3334
68.46	300
68.47	266.6666
68.48	233.3334
68.49	366.6666
68.5	233.3334
68.51	233.3334
68.52	233.3334
68.53	266.6666
68.54	200
68.55	300
68.56	400
68.57	200
68.58	300
68.59	300
68.6	400
68.61	233.3334
68.62	233.3334
68.63	200
68.64	133.3334
68.65	233.3334
68.66	233.3334
68.67	233.3334
68.68	200
68.69	300
68.7	300
68.71	233.3334
68.72	266.6666
68.73	333.3334
68.74	233.3334
68.75	333.3334
68.76	133.3334
68.77	166.6666
68.78	166.6666
68.79	233.3334
68.8	200
68.81	333.3334
68.82	266.6666
68.83	400
68.84	400
68.85	133.3334
68.86	400
68.87	233.3334
68.88	266.6666
68.89	200
68.9	333.3334
68.91	266.6666
68.92	433.3334
68.93	266.6666
68.94	333.3334
68.95	233.3334
68.96	166.6666
68.97	266.6666
68.98	300
68.99	333.3334
69	233.3334
69.01	366.6666
69.02	233.3334
69.03	200
69.04	133.3334
69.05	166.6666
69.06	366.6666
69.07	133.3334
69.08	333.3334
69.09	266.6666
69.1	200
69.11	233.3334
69.12	333.3334
69.13	200
69.14	300
69.15	133.3334
69.16	166.6666
69.17	133.3334
69.18	400
69.19	433.3334
69.2	266.6666
69.21	300
69.22	200
69.23	200
69.24	266.6666
69.25	266.6666
69.26	433.3334
69.27	300
69.28	266.6666
69.29	333.3334
69.3	300
69.31	366.6666
69.32	300
69.33	300
69.34	300
69.35	200
69.36	200
69.37	233.3334
69.38	266.6666
69.39	166.6666
69.4	233.3334
69.41	400
69.42	366.6666
69.43	500
69.44	400
69.45	166.6666
69.46	433.3334
69.47	200
69.48	166.6666
69.49	233.3334
69.5	266.6666
69.51	300
69.52	266.6666
69.53	133.3334
69.54	266.6666
69.55	200
69.56	333.3334
69.57	200
69.58	200
69.59	266.6666
69.6	33.3334
69.61	200
69.62	200
69.63	233.3334
69.64	200
69.65	133.3334
69.66	200
69.67	166.6666
69.68	133.3334
69.69	166.6666
69.7	233.3334
69.71	300
69.72	300
69.73	233.3334
69.74	266.6666
69.75	366.6666
69.76	433.3334
69.77	466.6666
69.78	400
69.79	266.6666
69.8	433.3334
69.81	400
69.82	166.6666
69.83	233.3334
69.84	333.3334
69.85	300
69.86	300
69.87	200
69.88	233.3334
69.89	266.6666
69.9	233.3334
69.91	266.6666
69.92	233.3334
69.93	333.3334
69.94	200
69.95	233.3334
69.96	200
69.97	266.6666
69.98	300
69.99	266.6666
70	233.3334
70.01	266.6666
70.02	333.3334
70.03	433.3334
70.04	366.6666
70.05	266.6666
70.06	333.3334
70.07	166.6666
70.08	233.3334
70.09	266.6666
70.1	366.6666
70.11	200
70.12	300
70.13	233.3334
70.14	466.6666
70.15	200
70.16	166.6666
70.17	400
70.18	200
70.19	200
70.2	333.3334
70.21	333.3334
70.22	466.6666
70.23	233.3334
70.24	333.3334
70.25	366.6666
70.26	366.6666
70.27	366.6666
70.28	400
70.29	300
70.3	366.6666
70.31	300
70.32	200
70.33	233.3334
70.34	233.3334
70.35	400
70.36	333.3334
70.37	366.6666
70.38	266.6666
70.39	300
70.4	366.6666
70.41	200
70.42	333.3334
70.43	500
70.44	333.3334
70.45	333.3334
70.46	433.3334
70.47	333.3334
70.48	166.6666
70.49	233.3334
70.5	266.6666
70.51	300
70.52	366.6666
70.53	366.6666
70.54	266.6666
70.55	233.3334
70.56	333.3334
70.57	200
70.58	233.3334
70.59	233.3334
70.6	300
70.61	366.6666
70.62	333.3334
70.63	100
70.64	300
70.65	233.3334
70.66	233.3334
70.67	200
70.68	133.3334
70.69	233.3334
70.7	333.3334
70.71	166.6666
70.72	100
70.73	233.3334
70.74	266.6666
70.75	200
70.76	433.3334
70.77	433.3334
70.78	300
70.79	233.3334
70.8	233.3334
70.81	200
70.82	333.3334
70.83	300
70.84	266.6666
70.85	366.6666
70.86	200
70.87	466.6666
70.88	366.6666
70.89	233.3334
70.9	300
70.91	300
70.92	233.3334
70.93	200
70.94	233.3334
70.95	233.3334
70.96	333.3334
70.97	200
70.98	400
70.99	266.6666
71	300
71.01	233.3334
71.02	366.6666
71.03	300
71.04	366.6666
71.05	433.3334
71.06	233.3334
71.07	166.6666
71.08	533.3334
71.09	333.3334
71.1	400
71.11	333.3334
71.12	166.6666
71.13	366.6666
71.14	366.6666
71.15	233.3334
71.16	233.3334
71.17	200
71.18	133.3334
71.19	333.3334
71.2	333.3334
71.21	233.3334
71.22	400
71.23	233.3334
71.24	133.3334
71.25	233.3334
71.26	400
71.27	400
71.28	300
71.29	300
71.3	300
71.31	433.3334
71.32	400
71.33	333.3334
71.34	233.3334
71.35	333.3334
71.36	166.6666
71.37	366.6666
71.38	400
71.39	333.3334
71.4	266.6666
71.41	266.6666
71.42	333.3334
71.43	200
71.44	333.3334
71.45	533.3334
71.46	300
71.47	300
71.48	200
71.49	366.6666
71.5	266.6666
71.51	333.3334
71.52	166.6666
71.53	166.6666
71.54	200
71.55	366.6666
71.56	400
71.57	233.3334
71.58	233.3334
71.59	433.3334
71.6	333.3334
71.61	266.6666
71.62	300
71.63	333.3334
71.64	166.6666
71.65	366.6666
71.66	200
71.67	166.6666
71.68	200
71.69	433.3334
71.7	266.6666
71.71	566.6666
71.72	266.6666
71.73	400
71.74	333.3334
71.75	233.3334
71.76	433.3334
71.77	366.6666
71.78	300
71.79	333.3334
71.8	300
71.81	400
71.82	233.3334
71.83	400
71.84	200
71.85	400
71.86	433.3334
71.87	266.6666
71.88	433.3334
71.89	333.3334
71.9	433.3334
71.91	300
71.92	400
71.93	333.3334
71.94	300
71.95	366.6666
71.96	400
71.97	366.6666
71.98	233.3334
71.99	333.3334
72	200
72.01	300
72.02	366.6666
72.03	200
72.04	266.6666
72.05	333.3334
72.06	500
72.07	266.6666
72.08	333.3334
72.09	300
72.1	333.3334
72.11	166.6666
72.12	366.6666
72.13	233.3334
72.14	200
72.15	366.6666
72.16	166.6666
72.17	300
72.18	266.6666
72.19	333.3334
72.2	333.3334
72.21	300
72.22	366.6666
72.23	233.3334
72.24	333.3334
72.25	333.3334
72.26	266.6666
72.27	400
72.28	433.3334
72.29	266.6666
72.3	233.3334
72.31	300
72.32	366.6666
72.33	233.3334
72.34	266.6666
72.35	200
72.36	233.3334
72.37	200
72.38	266.6666
72.39	233.3334
72.4	100
72.41	166.6666
72.42	166.6666
72.43	400
72.44	266.6666
72.45	200
72.46	266.6666
72.47	266.6666
72.48	233.3334
72.49	433.3334
72.5	366.6666
72.51	300
72.52	266.6666
72.53	500
72.54	366.6666
72.55	233.3334
72.56	300
72.57	366.6666
72.58	300
72.59	266.6666
72.6	166.6666
72.61	100
72.62	200
72.63	400
72.64	200
72.65	200
72.66	266.6666
72.67	300
72.68	166.6666
72.69	300
72.7	166.6666
72.71	200
72.72	300
72.73	433.3334
72.74	400
72.75	233.3334
72.76	233.3334
72.77	266.6666
72.78	166.6666
72.79	300
72.8	233.3334
72.81	333.3334
72.82	133.3334
72.83	133.3334
72.84	100
72.85	300
72.86	266.6666
72.87	400
72.88	233.3334
72.89	266.6666
72.9	266.6666
72.91	266.6666
72.92	333.3334
72.93	233.3334
72.94	133.3334
72.95	300
72.96	333.3334
72.97	300
72.98	200
72.99	266.6666
73	366.6666
73.01	300
73.02	266.6666
73.03	300
73.04	333.3334
73.05	166.6666
73.06	366.6666
73.07	233.3334
73.08	200
73.09	200
73.1	233.3334
73.11	233.3334
73.12	266.6666
73.13	366.6666
73.14	333.3334
73.15	266.6666
73.16	333.3334
73.17	266.6666
73.18	333.3334
73.19	300
73.2	333.3334
73.21	200
73.22	333.3334
73.23	200
73.24	300
73.25	366.6666
73.26	233.3334
73.27	266.6666
73.28	300
73.29	300
73.3	266.6666
73.31	266.6666
73.32	300
73.33	300
73.34	333.3334
73.35	200
73.36	233.3334
73.37	300
73.38	300
73.39	200
73.4	433.3334
73.41	133.3334
73.42	266.6666
73.43	100
73.44	233.3334
73.45	266.6666
73.46	400
73.47	300
73.48	300
73.49	233.3334
73.5	433.3334
73.51	233.3334
73.52	333.3334
73.53	400
73.54	200
73.55	200
73.56	233.3334
73.57	300
73.58	300
73.59	233.3334
73.6	266.6666
73.61	300
73.62	233.3334
73.63	266.6666
73.64	166.6666
73.65	366.6666
73.66	266.6666
73.67	266.6666
73.68	266.6666
73.69	200
73.7	200
73.71	333.3334
73.72	266.6666
73.73	233.3334
73.74	266.6666
73.75	300
73.76	466.6666
73.77	300
73.78	266.6666
73.79	333.3334
73.8	266.6666
73.81	333.3334
73.82	233.3334
73.83	300
73.84	233.3334
73.85	400
73.86	200
73.87	233.3334
73.88	133.3334
73.89	366.6666
73.9	133.3334
73.91	33.3334
73.92	233.3334
73.93	333.3334
73.94	200
73.95	266.6666
73.96	333.3334
73.97	400
73.98	200
73.99	266.6666
74	366.6666
74.01	266.6666
74.02	366.6666
74.03	366.6666
74.04	333.3334
74.05	233.3334
74.06	500
74.07	333.3334
74.08	333.3334
74.09	200
74.1	333.3334
74.11	466.6666
74.12	266.6666
74.13	266.6666
74.14	266.6666
74.15	300
74.16	300
74.17	300
74.18	366.6666
74.19	400
74.2	233.3334
74.21	200
74.22	266.6666
74.23	266.6666
74.24	433.3334
74.25	266.6666
74.26	233.3334
74.27	300
74.28	266.6666
74.29	200
74.3	333.3334
74.31	366.6666
74.32	633.3334
74.33	400
74.34	500
74.35	466.6666
74.36	333.3334
74.37	433.3334
74.38	266.6666
74.39	266.6666
74.4	300
74.41	400
74.42	366.6666
74.43	366.6666
74.44	433.3334
74.45	566.6666
74.46	333.3334
74.47	300
74.48	233.3334
74.49	333.3334
74.5	233.3334
74.51	700
74.52	333.3334
74.53	366.6666
74.54	300
74.55	266.6666
74.56	433.3334
74.57	366.6666
74.58	266.6666
74.59	366.6666
74.6	333.3334
74.61	333.3334
74.62	333.3334
74.63	233.3334
74.64	166.6666
74.65	133.3334
74.66	366.6666
74.67	300
74.68	200
74.69	433.3334
74.7	200
74.71	400
74.72	300
74.73	433.3334
74.74	266.6666
74.75	266.6666
74.76	400
74.77	233.3334
74.78	200
74.79	266.6666
74.8	400
74.81	366.6666
74.82	266.6666
74.83	333.3334
74.84	166.6666
74.85	333.3334
74.86	366.6666
74.87	266.6666
74.88	333.3334
74.89	466.6666
74.9	366.6666
74.91	266.6666
74.92	266.6666
74.93	433.3334
74.94	266.6666
74.95	266.6666
74.96	500
74.97	366.6666
74.98	300
74.99	333.3334
75	333.3334
75.01	333.3334
75.02	133.3334
75.03	166.6666
75.04	233.3334
75.05	266.6666
75.06	466.6666
75.07	533.3334
75.08	266.6666
75.09	233.3334
75.1	366.6666
75.11	333.3334
75.12	366.6666
75.13	333.3334
75.14	533.3334
75.15	366.6666
75.16	466.6666
75.17	300
75.18	200
75.19	333.3334
75.2	366.6666
75.21	166.6666
75.22	366.6666
75.23	366.6666
75.24	300
75.25	266.6666
75.26	366.6666
75.27	266.6666
75.28	433.3334
75.29	300
75.3	333.3334
75.31	366.6666
75.32	300
75.33	366.6666
75.34	133.3334
75.35	233.3334
75.36	333.3334
75.37	266.6666
75.38	333.3334
75.39	333.3334
75.4	200
75.41	266.6666
75.42	200
75.43	366.6666
75.44	400
75.45	100
75.46	233.3334
75.47	333.3334
75.48	466.6666
75.49	433.3334
75.5	233.3334
75.51	200
75.52	366.6666
75.53	266.6666
75.54	466.6666
75.55	400
75.56	300
75.57	366.6666
75.58	433.3334
75.59	333.3334
75.6	366.6666
75.61	300
75.62	200
75.63	266.6666
75.64	333.3334
75.65	433.3334
75.66	300
75.67	133.3334
75.68	333.3334
75.69	366.6666
75.7	333.3334
75.71	366.6666
75.72	333.3334
75.73	200
75.74	333.3334
75.75	366.6666
75.76	433.3334
75.77	366.6666
75.78	433.3334
75.79	433.3334
75.8	400
75.81	333.3334
75.82	366.6666
75.83	433.3334
75.84	433.3334
75.85	300
75.86	433.3334
75.87	400
75.88	166.6666
75.89	400
75.9	266.6666
75.91	266.6666
75.92	433.3334
75.93	400
75.94	366.6666
75.95	266.6666
75.96	400
75.97	500
75.98	366.6666
75.99	433.3334
76	266.6666
76.01	333.3334
76.02	466.6666
76.03	566.6666
76.04	466.6666
76.05	366.6666
76.06	400
76.07	400
76.08	266.6666
76.09	333.3334
76.1	366.6666
76.11	400
76.12	366.6666
76.13	233.3334
76.14	400
76.15	366.6666
76.16	200
76.17	333.3334
76.18	333.3334
76.19	400
76.2	500
76.21	300
76.22	266.6666
76.23	300
76.24	533.3334
76.25	266.6666
76.26	400
76.27	600
76.28	266.6666
76.29	600
76.3	266.6666
76.31	300
76.32	400
76.33	300
76.34	233.3334
76.35	366.6666
76.36	266.6666
76.37	133.3334
76.38	266.6666
76.39	400
76.4	500
76.41	266.6666
76.42	333.3334
76.43	400
76.44	500
76.45	400
76.46	466.6666
76.47	433.3334
76.48	600
76.49	300
76.5	366.6666
76.51	333.3334
76.52	433.3334
76.53	433.3334
76.54	333.3334
76.55	300
76.56	433.3334
76.57	333.3334
76.58	433.3334
76.59	433.3334
76.6	233.3334
76.61	566.6666
76.62	366.6666
76.63	400
76.64	333.3334
76.65	400
76.66	333.3334
76.67	500
76.68	333.3334
76.69	300
76.7	333.3334
76.71	366.6666
76.72	433.3334
76.73	266.6666
76.74	400
76.75	500
76.76	433.3334
76.77	400
76.78	500
76.79	333.3334
76.8	500
76.81	400
76.82	366.6666
76.83	566.6666
76.84	400
76.85	433.3334
76.86	366.6666
76.87	400
76.88	400
76.89	500
76.9	433.3334
76.91	633.3334
76.92	566.6666
76.93	600
76.94	600
76.95	666.6666
76.96	433.3334
76.97	600
76.98	433.3334
76.99	366.6666
77	533.3334
77.01	600
77.02	700
77.03	700
77.04	533.3334
77.05	733.3334
77.06	766.6666
77.07	700
77.08	866.6666
77.09	866.6666
77.1	800
77.11	933.3334
77.12	600
77.13	633.3334
77.14	800
77.15	666.6666
77.16	833.3334
77.17	933.3334
77.18	1133.3334
77.19	833.3334
77.2	1333.3334
77.21	1166.6666
77.22	1300
77.23	1433.3334
77.24	1533.3334
77.25	2133.3334
77.26	1733.3334
77.27	1900
77.28	2166.6666
77.29	1633.3334
77.3	2300
77.31	2433.3334
77.32	3066.6666
77.33	2933.3334
77.34	3466.6666
77.35	4266.6666
77.36	4466.6666
77.37	5300
77.38	6433.3334
77.39	7166.6666
77.4	8533.3334
77.41	8433.3334
77.42	10966.6666
77.43	10866.6666
77.44	12266.6666
77.45	12266.6666
77.46	12500
77.47	12466.6666
77.48	13166.6666
77.49	12000
77.5	12466.6666
77.51	11433.3334
77.52	10600
77.53	9800
77.54	8133.3334
77.55	8100
77.56	6933.3334
77.57	6700
77.58	5866.6666
77.59	5700
77.6	5600
77.61	6200
77.62	5400
77.63	6100
77.64	6633.3334
77.65	7566.6666
77.66	7133.3334
77.67	6366.6666
77.68	6733.3334
77.69	7100
77.7	7100
77.71	6733.3334
77.72	7500
77.73	6866.6666
77.74	5000
77.75	5233.3334
77.76	4500
77.77	4566.6666
77.78	3633.3334
77.79	3100
77.8	3166.6666
77.81	2400
77.82	2533.3334
77.83	2366.6666
77.84	1766.6666
77.85	1566.6666
77.86	1566.6666
77.87	1500
77.88	1166.6666
77.89	966.6666
77.9	1233.3334
77.91	1166.6666
77.92	1033.3334
77.93	766.6666
77.94	666.6666
77.95	766.6666
77.96	933.3334
77.97	466.6666
77.98	666.6666
77.99	500
78	600
78.01	533.3334
78.02	500
78.03	533.3334
78.04	500
78.05	933.3334
78.06	666.6666
78.07	433.3334
78.08	500
78.09	466.6666
78.1	533.3334
78.11	666.6666
78.12	566.6666
78.13	400
78.14	566.6666
78.15	433.3334
78.16	533.3334
78.17	433.3334
78.18	300
78.19	366.6666
78.2	266.6666
78.21	566.6666
78.22	433.3334
78.23	400
78.24	333.3334
78.25	166.6666
78.26	266.6666
78.27	266.6666
78.28	300
78.29	600
78.3	500
78.31	233.3334
78.32	433.3334
78.33	433.3334
78.34	366.6666
78.35	533.3334
78.36	400
78.37	300
78.38	233.3334
78.39	300
78.4	300
78.41	300
78.42	500
78.43	600
78.44	300
78.45	233.3334
78.46	566.6666
78.47	500
78.48	400
78.49	433.3334
78.5	433.3334
78.51	400
78.52	366.6666
78.53	200
78.54	366.6666
78.55	366.6666
78.56	233.3334
78.57	266.6666
78.58	300
78.59	300
78.6	466.6666
78.61	133.3334
78.62	300
78.63	300
78.64	400
78.65	400
78.66	366.6666
78.67	433.3334
78.68	500
78.69	400
78.7	633.3334
78.71	466.6666
78.72	233.3334
78.73	433.3334
78.74	200
78.75	300
78.76	300
78.77	500
78.78	400
78.79	233.3334
78.8	333.3334
78.81	433.3334
78.82	400
78.83	333.3334
78.84	333.3334
78.85	433.3334
78.86	166.6666
78.87	266.6666
78.88	366.6666
78.89	166.6666
78.9	266.6666
78.91	333.3334
78.92	400
78.93	400
78.94	200
78.95	300
78.96	433.3334
78.97	233.3334
78.98	333.3334
78.99	233.3334
79	466.6666
79.01	266.6666
79.02	200
79.03	300
79.04	266.6666
79.05	333.3334
79.06	266.6666
79.07	366.6666
79.08	233.3334
79.09	100
79.1	233.3334
79.11	366.6666
79.12	433.3334
79.13	400
79.14	366.6666
79.15	366.6666
79.16	433.3334
79.17	166.6666
79.18	166.6666
79.19	233.3334
79.2	266.6666
79.21	366.6666
79.22	466.6666
79.23	333.3334
79.24	266.6666
79.25	366.6666
79.26	266.6666
79.27	233.3334
79.28	300
79.29	333.3334
79.3	333.3334
79.31	333.3334
79.32	333.3334
79.33	300
79.34	366.6666
79.35	333.3334
79.36	300
79.37	166.6666
79.38	233.3334
79.39	466.6666
79.4	266.6666
79.41	300
79.42	333.3334
79.43	166.6666
79.44	266.6666
79.45	233.3334
79.46	300
79.47	333.3334
79.48	433.3334
79.49	333.3334
79.5	266.6666
79.51	433.3334
79.52	533.3334
79.53	166.6666
79.54	366.6666
79.55	400
79.56	200
79.57	333.3334
79.58	366.6666
79.59	266.6666
79.6	233.3334
79.61	200
79.62	300
79.63	266.6666
79.64	133.3334
79.65	166.6666
79.66	233.3334
79.67	133.3334
79.68	233.3334
79.69	300
79.7	300
79.71	266.6666
79.72	133.3334
79.73	100
79.74	300
79.75	400
79.76	233.3334
79.77	300
79.78	300
79.79	233.3334
79.8	466.6666
79.81	266.6666
79.82	233.3334
79.83	333.3334
79.84	400
79.85	533.3334
79.86	200
79.87	400
79.88	400
79.89	133.3334
79.9	366.6666
79.91	233.3334
79.92	433.3334
79.93	233.3334
79.94	533.3334
79.95	366.6666
79.96	200
79.97	333.3334
79.98	166.6666
79.99	333.3334
80	400
80.01	200
80.02	366.6666
80.03	366.6666
80.04	233.3334
80.05	366.6666
80.06	266.6666
80.07	333.3334
80.08	166.6666
80.09	166.6666
80.1	300
80.11	233.3334
80.12	400
80.13	166.6666
80.14	200
80.15	266.6666
80.16	166.6666
80.17	166.6666
80.18	166.6666
80.19	266.6666
80.2	333.3334
80.21	300
80.22	333.3334
80.23	233.3334
80.24	300
80.25	266.6666
80.26	333.3334
80.27	400
80.28	400
80.29	233.3334
80.3	366.6666
80.31	366.6666
80.32	266.6666
80.33	333.3334
80.34	200
80.35	333.3334
80.36	533.3334
80.37	433.3334
80.38	300
80.39	266.6666
80.4	466.6666
80.41	333.3334
80.42	333.3334
80.43	400
80.44	233.3334
80.45	300
80.46	133.3334
80.47	266.6666
80.48	233.3334
80.49	200
80.5	333.3334
80.51	366.6666
80.52	366.6666
80.53	333.3334
80.54	200
80.55	300
80.56	233.3334
80.57	133.3334
80.58	366.6666
80.59	266.6666
80.6	300
80.61	266.6666
80.62	300
80.63	366.6666
80.64	233.3334
80.65	233.3334
80.66	200
80.67	100
80.68	200
80.69	400
80.7	366.6666
80.71	333.3334
80.72	333.3334
80.73	233.3334
80.74	400
80.75	266.6666
80.76	333.3334
80.77	166.6666
80.78	333.3334
80.79	300
80.8	233.3334
80.81	500
80.82	366.6666
80.83	200
80.84	266.6666
80.85	266.6666
80.86	433.3334
80.87	366.6666
80.88	433.3334
80.89	366.6666
80.9	233.3334
80.91	200
80.92	266.6666
80.93	466.6666
80.94	333.3334
80.95	500
80.96	233.3334
80.97	433.3334
80.98	300
80.99	333.3334
81	233.3334
81.01	300
81.02	300
81.03	266.6666
81.04	266.6666
81.05	166.6666
81.06	433.3334
81.07	233.3334
81.08	133.3334
81.09	266.6666
81.1	333.3334
81.11	266.6666
81.12	233.3334
81.13	166.6666
81.14	300
81.15	300
81.16	466.6666
81.17	600
81.18	300
81.19	333.3334
81.2	266.6666
81.21	400
81.22	266.6666
81.23	500
81.24	600
81.25	400
81.26	233.3334
81.27	133.3334
81.28	333.3334
81.29	300
81.3	333.3334
81.31	333.3334
81.32	200
81.33	300
81.34	366.6666
81.35	366.6666
81.36	333.3334
81.37	200
81.38	333.3334
81.39	300
81.4	200
81.41	100
81.42	366.6666
81.43	600
81.44	500
81.45	433.3334
81.46	366.6666
81.47	366.6666
81.48	266.6666
81.49	300
81.5	366.6666
81.51	466.6666
81.52	466.6666
81.53	200
81.54	466.6666
81.55	700
81.56	533.3334
81.57	766.6666
81.58	633.3334
81.59	633.3334
81.6	500
81.61	666.6666
81.62	700
81.63	566.6666
81.64	733.3334
81.65	666.6666
81.66	666.6666
81.67	533.3334
81.68	633.3334
81.69	433.3334
81.7	433.3334
81.71	300
81.72	233.3334
81.73	600
81.74	500
81.75	566.6666
81.76	266.6666
81.77	333.3334
81.78	266.6666
81.79	266.6666
81.8	300
81.81	700
81.82	466.6666
81.83	633.3334
81.84	533.3334
81.85	366.6666
81.86	433.3334
81.87	433.3334
81.88	366.6666
81.89	433.3334
81.9	466.6666
81.91	400
81.92	400
81.93	333.3334
81.94	400
81.95	233.3334
81.96	266.6666
81.97	266.6666
81.98	433.3334
81.99	300
82	300
82.01	266.6666
82.02	266.6666
82.03	166.6666
82.04	233.3334
82.05	366.6666
82.06	233.3334
82.07	300
82.08	200
82.09	300
82.1	200
82.11	233.3334
82.12	266.6666
82.13	133.3334
82.14	166.6666
82.15	200
82.16	33.3334
82.17	366.6666
82.18	233.3334
82.19	300
82.2	166.6666
82.21	366.6666
82.22	366.6666
82.23	233.3334
82.24	166.6666
82.25	266.6666
82.26	300
82.27	300
82.28	300
82.29	300
82.3	433.3334
82.31	166.6666
82.32	266.6666
82.33	366.6666
82.34	433.3334
82.35	366.6666
82.36	366.6666
82.37	366.6666
82.38	300
82.39	233.3334
82.4	400
82.41	300
82.42	300
82.43	333.3334
82.44	333.3334
82.45	200
82.46	166.6666
82.47	266.6666
82.48	233.3334
82.49	333.3334
82.5	366.6666
82.51	466.6666
82.52	133.3334
82.53	266.6666
82.54	233.3334
82.55	233.3334
82.56	300
82.57	166.6666
82.58	300
82.59	300
82.6	333.3334
82.61	200
82.62	366.6666
82.63	66.6666
82.64	266.6666
82.65	166.6666
82.66	233.3334
82.67	166.6666
82.68	300
82.69	366.6666
82.7	366.6666
82.71	233.3334
82.72	400
82.73	300
82.74	300
82.75	133.3334
82.76	100
82.77	66.6666
82.78	333.3334
82.79	300
82.8	233.3334
82.81	400
82.82	200
82.83	333.3334
82.84	200
82.85	233.3334
82.86	233.3334
82.87	200
82.88	166.6666
82.89	33.3334
82.9	233.3334
82.91	300
82.92	266.6666
82.93	166.6666
82.94	333.3334
82.95	100
82.96	233.3334
82.97	133.3334
82.98	300
82.99	333.3334
83	166.6666
83.01	233.3334
83.02	400
83.03	366.6666
83.04	66.6666
83.05	166.6666
83.06	100
83.07	200
83.08	266.6666
83.09	166.6666
83.1	266.6666
83.11	266.6666
83.12	200
83.13	200
83.14	200
83.15	133.3334
83.16	200
83.17	233.3334
83.18	300
83.19	466.6666
83.2	200
83.21	400
83.22	300
83.23	200
83.24	333.3334
83.25	266.6666
83.26	300
83.27	200
83.28	266.6666
83.29	333.3334
83.3	166.6666
83.31	200
83.32	400
83.33	400
83.34	333.3334
83.35	266.6666
83.36	166.6666
83.37	233.3334
83.38	266.6666
83.39	233.3334
83.4	300
83.41	266.6666
83.42	233.3334
83.43	233.3334
83.44	233.3334
83.45	266.6666
83.46	300
83.47	233.3334
83.48	200
83.49	233.3334
83.5	133.3334
83.51	300
83.52	300
83.53	266.6666
83.54	233.3334
83.55	233.3334
83.56	166.6666
83.57	266.6666
83.58	266.6666
83.59	133.3334
83.6	200
83.61	33.3334
83.62	300
83.63	300
83.64	366.6666
83.65	266.6666
83.66	333.3334
83.67	466.6666
83.68	333.3334
83.69	166.6666
83.7	266.6666
83.71	200
83.72	200
83.73	233.3334
83.74	333.3334
83.75	266.6666
83.76	233.3334
83.77	166.6666
83.78	400
83.79	133.3334
83.8	200
83.81	233.3334
83.82	233.3334
83.83	300
83.84	266.6666
83.85	200
83.86	200
83.87	100
83.88	166.6666
83.89	333.3334
83.9	133.3334
83.91	366.6666
83.92	200
83.93	166.6666
83.94	333.3334
83.95	333.3334
83.96	100
83.97	233.3334
83.98	266.6666
83.99	266.6666
84	300
84.01	300
84.02	233.3334
84.03	233.3334
84.04	333.3334
84.05	266.6666
84.06	233.3334
84.07	266.6666
84.08	233.3334
84.09	233.3334
84.1	200
84.11	266.6666
84.12	166.6666
84.13	200
84.14	133.3334
84.15	233.3334
84.16	166.6666
84.17	166.6666
84.18	300
84.19	266.6666
84.2	333.3334
84.21	333.3334
84.22	366.6666
84.23	400
84.24	400
84.25	333.3334
84.26	366.6666
84.27	233.3334
84.28	266.6666
84.29	166.6666
84.3	133.3334
84.31	233.3334
84.32	400
84.33	333.3334
84.34	200
84.35	233.3334
84.36	200
84.37	233.3334
84.38	333.3334
84.39	200
84.4	200
84.41	300
84.42	400
84.43	233.3334
84.44	233.3334
84.45	133.3334
84.46	166.6666
84.47	166.6666
84.48	400
84.49	233.3334
84.5	166.6666
84.51	133.3334
84.52	100
84.53	133.3334
84.54	433.3334
84.55	233.3334
84.56	133.3334
84.57	400
84.58	133.3334
84.59	400
84.6	200
84.61	333.3334
84.62	266.6666
84.63	133.3334
84.64	333.3334
84.65	333.3334
84.66	166.6666
84.67	266.6666
84.68	200
84.69	266.6666
84.7	233.3334
84.71	166.6666
84.72	200
84.73	266.6666
84.74	200
84.75	266.6666
84.76	233.3334
84.77	333.3334
84.78	233.3334
84.79	166.6666
84.8	200
84.81	166.6666
84.82	266.6666
84.83	333.3334
84.84	266.6666
84.85	233.3334
84.86	166.6666
84.87	366.6666
84.88	266.6666
84.89	300
84.9	266.6666
84.91	233.3334
84.92	300
84.93	100
84.94	0
84.95	400
84.96	266.6666
84.97	200
84.98	400
84.99	366.6666
85	366.6666
85.01	233.3334
85.02	200
85.03	233.3334
85.04	300
85.05	300
85.06	266.6666
85.07	266.6666
85.08	233.3334
85.09	266.6666
85.1	233.3334
85.11	166.6666
85.12	133.3334
85.13	233.3334
85.14	366.6666
85.15	133.3334
85.16	133.3334
85.17	200
85.18	400
85.19	66.6666
85.2	100
85.21	333.3334
85.22	166.6666
85.23	200
85.24	366.6666
85.25	200
85.26	333.3334
85.27	300
85.28	266.6666
85.29	200
85.3	266.6666
85.31	366.6666
85.32	100
85.33	333.3334
85.34	300
85.35	166.6666
85.36	366.6666
85.37	333.3334
85.38	266.6666
85.39	400
85.4	0
85.41	233.3334
85.42	133.3334
85.43	166.6666
85.44	166.6666
85.45	233.3334
85.46	100
85.47	300
85.48	233.3334
85.49	400
85.5	100
85.51	200
85.52	166.6666
85.53	300
85.54	300
85.55	166.6666
85.56	66.6666
85.57	166.6666
85.58	300
85.59	433.3334
85.6	300
85.61	166.6666
85.62	333.3334
85.63	200
85.64	233.3334
85.65	333.3334
85.66	133.3334
85.67	166.6666
85.68	133.3334
85.69	333.3334
85.7	200
85.71	366.6666
85.72	466.6666
85.73	100
85.74	266.6666
85.75	100
85.76	200
85.77	266.6666
85.78	166.6666
85.79	200
85.8	100
85.81	100
85.82	166.6666
85.83	200
85.84	233.3334
85.85	333.3334
85.86	100
85.87	166.6666
85.88	266.6666
85.89	233.3334
85.9	366.6666
85.91	233.3334
85.92	233.3334
85.93	233.3334
85.94	166.6666
85.95	400
85.96	166.6666
85.97	166.6666
85.98	133.3334
85.99	200
86	333.3334
86.01	200
86.02	266.6666
86.03	366.6666
86.04	366.6666
86.05	266.6666
86.06	266.6666
86.07	133.3334
86.08	300
86.09	400
86.1	233.3334
86.11	133.3334
86.12	233.3334
86.13	266.6666
86.14	200
86.15	200
86.16	100
86.17	166.6666
86.18	266.6666
86.19	166.6666
86.2	200
86.21	166.6666
86.22	233.3334
86.23	300
86.24	366.6666
86.25	266.6666
86.26	233.3334
86.27	266.6666
86.28	300
86.29	200
86.3	233.3334
86.31	100
86.32	300
86.33	233.3334
86.34	233.3334
86.35	166.6666
86.36	266.6666
86.37	133.3334
86.38	200
86.39	333.3334
86.4	100
86.41	233.3334
86.42	166.6666
86.43	233.3334
86.44	133.3334
86.45	166.6666
86.46	233.3334
86.47	266.6666
86.48	133.3334
86.49	233.3334
86.5	300
86.51	266.6666
86.52	200
86.53	266.6666
86.54	266.6666
86.55	366.6666
86.56	366.6666
86.57	100
86.58	133.3334
86.59	400
86.6	333.3334
86.61	400
86.62	100
86.63	366.6666
86.64	266.6666
86.65	233.3334
86.66	233.3334
86.67	200
86.68	233.3334
86.69	166.6666
86.7	233.3334
86.71	233.3334
86.72	100
86.73	166.6666
86.74	233.3334
86.75	233.3334
86.76	333.3334
86.77	200
86.78	100
86.79	133.3334
86.8	133.3334
86.81	333.3334
86.82	300
86.83	200
86.84	333.3334
86.85	233.3334
86.86	366.6666
86.87	200
86.88	266.6666
86.89	200
86.9	266.6666
86.91	300
86.92	366.6666
86.93	333.3334
86.94	266.6666
86.95	233.3334
86.96	266.6666
86.97	133.3334
86.98	200
86.99	233.3334
87	266.6666
87.01	266.6666
87.02	233.3334
87.03	133.3334
87.04	200
87.05	333.3334
87.06	333.3334
87.07	266.6666
87.08	200
87.09	266.6666
87.1	200
87.11	300
87.12	333.3334
87.13	100
87.14	133.3334
87.15	133.3334
87.16	300
87.17	200
87.18	366.6666
87.19	200
87.2	166.6666
87.21	133.3334
87.22	133.3334
87.23	200
87.24	266.6666
87.25	433.3334
87.26	266.6666
87.27	200
87.28	166.6666
87.29	200
87.3	233.3334
87.31	166.6666
87.32	200
87.33	300
87.34	166.6666
87.35	133.3334
87.36	100
87.37	333.3334
87.38	200
87.39	233.3334
87.4	166.6666
87.41	133.3334
87.42	200
87.43	133.3334
87.44	233.3334
87.45	333.3334
87.46	266.6666
87.47	100
87.48	166.6666
87.49	233.3334
87.5	200
87.51	233.3334
87.52	233.3334
87.53	333.3334
87.54	166.6666
87.55	266.6666
87.56	366.6666
87.57	333.3334
87.58	366.6666
87.59	400
87.6	200
87.61	100
87.62	300
87.63	300
87.64	333.3334
87.65	166.6666
87.66	400
87.67	233.3334
87.68	300
87.69	166.6666
87.7	200
87.71	266.6666
87.72	200
87.73	266.6666
87.74	166.6666
87.75	166.6666
87.76	266.6666
87.77	266.6666
87.78	233.3334
87.79	200
87.8	233.3334
87.81	166.6666
87.82	233.3334
87.83	266.6666
87.84	166.6666
87.85	233.3334
87.86	200
87.87	133.3334
87.88	233.3334
87.89	266.6666
87.9	500
87.91	266.6666
87.92	300
87.93	166.6666
87.94	133.3334
87.95	100
87.96	233.3334
87.97	66.6666
87.98	466.6666
87.99	200
88	200
88.01	100
88.02	200
88.03	366.6666
88.04	266.6666
88.05	233.3334
88.06	166.6666
88.07	400
88.08	500
88.09	66.6666
88.1	366.6666
88.11	200
88.12	166.6666
88.13	200
88.14	266.6666
88.15	466.6666
88.16	400
88.17	200
88.18	266.6666
88.19	333.3334
88.2	333.3334
88.21	266.6666
88.22	100
88.23	266.6666
88.24	166.6666
88.25	200
88.26	366.6666
88.27	166.6666
88.28	266.6666
88.29	166.6666
88.3	266.6666
88.31	333.3334
88.32	400
88.33	100
88.34	133.3334
88.35	166.6666
88.36	300
88.37	100
88.38	133.3334
88.39	233.3334
88.4	200
88.41	366.6666
88.42	300
88.43	233.3334
88.44	200
88.45	266.6666
88.46	100
88.47	133.3334
88.48	133.3334
88.49	266.6666
88.5	300
88.51	233.3334
88.52	333.3334
88.53	166.6666
88.54	166.6666
88.55	300
88.56	166.6666
88.57	200
88.58	533.3334
88.59	333.3334
88.6	100
88.61	233.3334
88.62	166.6666
88.63	233.3334
88.64	333.3334
88.65	466.6666
88.66	300
88.67	333.3334
88.68	166.6666
88.69	166.6666
88.7	133.3334
88.71	366.6666
88.72	366.6666
88.73	400
88.74	366.6666
88.75	300
88.76	266.6666
88.77	300
88.78	266.6666
88.79	333.3334
88.8	133.3334
88.81	333.3334
88.82	333.3334
88.83	300
88.84	133.3334
88.85	300
88.86	200
88.87	166.6666
88.88	333.3334
88.89	200
88.9	233.3334
88.91	333.3334
88.92	333.3334
88.93	266.6666
88.94	300
88.95	233.3334
88.96	266.6666
88.97	200
88.98	300
88.99	300
89	133.3334
89.01	266.6666
89.02	266.6666
89.03	233.3334
89.04	200
89.05	166.6666
89.06	233.3334
89.07	133.3334
89.08	166.6666
89.09	266.6666
89.1	333.3334
89.11	366.6666
89.12	266.6666
89.13	100
89.14	266.6666
89.15	300
89.16	266.6666
89.17	200
89.18	200
89.19	266.6666
89.2	200
89.21	200
89.22	166.6666
89.23	266.6666
89.24	266.6666
89.25	233.3334
89.26	133.3334
89.27	333.3334
89.28	233.3334
89.29	166.6666
89.3	200
89.31	266.6666
89.32	300
89.33	166.6666
89.34	366.6666
89.35	500
89.36	233.3334
89.37	366.6666
89.38	166.6666
89.39	66.6666
89.4	400
89.41	266.6666
89.42	233.3334
89.43	333.3334
89.44	333.3334
89.45	233.3334
89.46	300
89.47	233.3334
89.48	200
89.49	233.3334
89.5	266.6666
89.51	300
89.52	433.3334
89.53	333.3334
89.54	333.3334
89.55	333.3334
89.56	233.3334
89.57	333.3334
89.58	300
89.59	233.3334
89.6	233.3334
89.61	266.6666
89.62	333.3334
89.63	366.6666
89.64	266.6666
89.65	266.6666
89.66	200
89.67	133.3334
89.68	233.3334
89.69	266.6666
89.7	100
89.71	300
89.72	300
89.73	266.6666
89.74	366.6666
89.75	333.3334
89.76	266.6666
89.77	300
89.78	433.3334
89.79	133.3334
89.8	200
89.81	300
89.82	200
89.83	266.6666
89.84	266.6666
89.85	266.6666
89.86	233.3334
89.87	266.6666
89.88	233.3334
89.89	266.6666
89.9	400
89.91	533.3334
89.92	233.3334
89.93	100
89.94	266.6666
89.95	266.6666
89.96	233.3334
89.97	200
89.98	233.3334
89.99	0
90	133.3334
90.01	233.3334
90.02	300
90.03	200
90.04	300
90.05	366.6666
90.06	166.6666
90.07	300
90.08	200
90.09	233.3334
90.1	233.3334
90.11	166.6666
90.12	333.3334
90.13	100
90.14	200
90.15	166.6666
90.16	200
90.17	300
90.18	300
90.19	200
90.2	200
90.21	166.6666
90.22	333.3334
90.23	233.3334
90.24	233.3334
90.25	366.6666
90.26	333.3334
90.27	133.3334
90.28	400
90.29	200
90.3	133.3334
90.31	166.6666
90.32	233.3334
90.33	200
90.34	300
90.35	200
90.36	166.6666
90.37	200
90.38	300
90.39	266.6666
90.4	300
90.41	133.3334
90.42	266.6666
90.43	133.3334
90.44	200
90.45	233.3334
90.46	333.3334
90.47	233.3334
90.48	166.6666
90.49	333.3334
90.5	333.3334
90.51	200
90.52	200
90.53	400
90.54	400
90.55	166.6666
90.56	133.3334
90.57	166.6666
90.58	366.6666
90.59	366.6666
90.6	200
90.61	300
90.62	300
90.63	166.6666
90.64	366.6666
90.65	266.6666
90.66	300
90.67	400
90.68	400
90.69	266.6666
90.7	266.6666
90.71	266.6666
90.72	300
90.73	233.3334
90.74	233.3334
90.75	233.3334
90.76	200
90.77	0
90.78	266.6666
90.79	266.6666
90.8	266.6666
90.81	466.6666
90.82	333.3334
90.83	300
90.84	233.3334
90.85	333.3334
90.86	300
90.87	266.6666
90.88	300
90.89	300
90.9	133.3334
90.91	333.3334
90.92	166.6666
90.93	333.3334
90.94	166.6666
90.95	200
90.96	166.6666
90.97	300
90.98	233.3334
90.99	233.3334
91	233.3334
91.01	200
91.02	300
91.03	133.3334
91.04	300
91.05	300
91.06	266.6666
91.07	266.6666
91.08	300
91.09	266.6666
91.1	200
91.11	200
91.12	266.6666
91.13	166.6666
91.14	233.3334
91.15	300
91.16	333.3334
91.17	333.3334
91.18	366.6666
91.19	166.6666
91.2	266.6666
91.21	333.3334
91.22	166.6666
91.23	166.6666
91.24	266.6666
91.25	366.6666
91.26	266.6666
91.27	166.6666
91.28	200
91.29	266.6666
91.3	233.3334
91.31	266.6666
91.32	300
91.33	266.6666
91.34	166.6666
91.35	300
91.36	200
91.37	233.3334
91.38	233.3334
91.39	333.3334
91.4	333.3334
91.41	333.3334
91.42	166.6666
91.43	100
91.44	100
91.45	200
91.46	200
91.47	100
91.48	233.3334
91.49	266.6666
91.5	200
91.51	200
91.52	133.3334
91.53	133.3334
91.54	266.6666
91.55	333.3334
91.56	333.3334
91.57	333.3334
91.58	200
91.59	166.6666
91.6	233.3334
91.61	266.6666
91.62	233.3334
91.63	233.3334
91.64	300
91.65	133.3334
91.66	233.3334
91.67	300
91.68	366.6666
91.69	300
91.7	400
91.71	400
91.72	333.3334
91.73	300
91.74	166.6666
91.75	133.3334
91.76	233.3334
91.77	366.6666
91.78	66.6666
91.79	133.3334
91.8	333.3334
91.81	233.3334
91.82	200
91.83	300
91.84	200
91.85	200
91.86	200
91.87	133.3334
91.88	333.3334
91.89	200
91.9	233.3334
91.91	333.3334
91.92	366.6666
91.93	200
91.94	266.6666
91.95	166.6666
91.96	166.6666
91.97	233.3334
91.98	233.3334
91.99	200
92	133.3334
92.01	233.3334
92.02	233.3334
92.03	133.3334
92.04	200
92.05	266.6666
92.06	166.6666
92.07	333.3334
92.08	266.6666
92.09	233.3334
92.1	100
92.11	133.3334
92.12	233.3334
92.13	166.6666
92.14	166.6666
92.15	0
92.16	100
92.17	366.6666
92.18	233.3334
92.19	300
92.2	333.3334
92.21	266.6666
92.22	300
92.23	233.3334
92.24	166.6666
92.25	100
92.26	366.6666
92.27	266.6666
92.28	66.6666
92.29	166.6666
92.3	166.6666
92.31	66.6666
92.32	133.3334
92.33	100
92.34	233.3334
92.35	233.3334
92.36	233.3334
92.37	366.6666
92.38	400
92.39	233.3334
92.4	100
92.41	66.6666
92.42	66.6666
92.43	166.6666
92.44	166.6666
92.45	266.6666
92.46	300
92.47	133.3334
92.48	300
92.49	266.6666
92.5	366.6666
92.51	200
92.52	233.3334
92.53	200
92.54	166.6666
92.55	200
92.56	333.3334
92.57	233.3334
92.58	333.3334
92.59	133.3334
92.6	233.3334
92.61	300
92.62	166.6666
92.63	300
92.64	300
92.65	266.6666
92.66	366.6666
92.67	166.6666
92.68	266.6666
92.69	166.6666
92.7	133.3334
92.71	133.3334
92.72	300
92.73	333.3334
92.74	233.3334
92.75	300
92.76	133.3334
92.77	200
92.78	233.3334
92.79	233.3334
92.8	200
92.81	200
92.82	166.6666
92.83	466.6666
92.84	200
92.85	66.6666
92.86	266.6666
92.87	366.6666
92.88	233.3334
92.89	233.3334
92.9	200
92.91	200
92.92	100
92.93	366.6666
92.94	266.6666
92.95	200
92.96	166.6666
92.97	233.3334
92.98	100
92.99	233.3334
93	266.6666
93.01	33.3334
93.02	200
93.03	400
93.04	233.3334
93.05	233.3334
93.06	266.6666
93.07	300
93.08	366.6666
93.09	266.6666
93.1	266.6666
93.11	200
93.12	200
93.13	200
93.14	200
93.15	233.3334
93.16	133.3334
93.17	166.6666
93.18	200
93.19	200
93.2	200
93.21	100
93.22	266.6666
93.23	333.3334
93.24	200
93.25	200
93.26	233.3334
93.27	233.3334
93.28	166.6666
93.29	166.6666
93.3	233.3334
93.31	266.6666
93.32	366.6666
93.33	200
93.34	200
93.35	366.6666
93.36	300
93.37	266.6666
93.38	166.6666
93.39	166.6666
93.4	166.6666
93.41	166.6666
93.42	333.3334
93.43	400
93.44	266.6666
93.45	200
93.46	233.3334
93.47	233.3334
93.48	266.6666
93.49	300
93.5	300
93.51	333.3334
93.52	266.6666
93.53	266.6666
93.54	366.6666
93.55	200
93.56	500
93.57	200
93.58	300
93.59	400
93.6	266.6666
93.61	233.3334
93.62	166.6666
93.63	233.3334
93.64	266.6666
93.65	300
93.66	66.6666
93.67	266.6666
93.68	333.3334
93.69	266.6666
93.7	433.3334
93.71	233.3334
93.72	100
93.73	166.6666
93.74	166.6666
93.75	200
93.76	300
93.77	133.3334
93.78	300
93.79	200
93.8	133.3334
93.81	266.6666
93.82	200
93.83	266.6666
93.84	166.6666
93.85	166.6666
93.86	233.3334
93.87	300
93.88	366.6666
93.89	266.6666
93.9	133.3334
93.91	133.3334
93.92	200
93.93	233.3334
93.94	233.3334
93.95	33.3334
93.96	300
93.97	66.6666
93.98	400
93.99	300
94	266.6666
94.01	166.6666
94.02	200
94.03	133.3334
94.04	166.6666
94.05	300
94.06	266.6666
94.07	33.3334
94.08	166.6666
94.09	133.3334
94.1	133.3334
94.11	266.6666
94.12	200
94.13	233.3334
94.14	166.6666
94.15	133.3334
94.16	266.6666
94.17	233.3334
94.18	266.6666
94.19	166.6666
94.2	200
94.21	366.6666
94.22	300
94.23	266.6666
94.24	300
94.25	133.3334
94.26	266.6666
94.27	300
94.28	166.6666
94.29	133.3334
94.3	366.6666
94.31	233.3334
94.32	200
94.33	266.6666
94.34	233.3334
94.35	200
94.36	200
94.37	266.6666
94.38	400
94.39	200
94.4	166.6666
94.41	266.6666
94.42	266.6666
94.43	166.6666
94.44	200
94.45	300
94.46	300
94.47	266.6666
94.48	233.3334
94.49	233.3334
94.5	366.6666
94.51	166.6666
94.52	166.6666
94.53	366.6666
94.54	300
94.55	300
94.56	200
94.57	200
94.58	300
94.59	233.3334
94.6	166.6666
94.61	166.6666
94.62	400
94.63	533.3334
94.64	333.3334
94.65	300
94.66	266.6666
94.67	233.3334
94.68	200
94.69	300
94.7	133.3334
94.71	100
94.72	233.3334
94.73	233.3334
94.74	266.6666
94.75	200
94.76	300
94.77	266.6666
94.78	166.6666
94.79	333.3334
94.8	166.6666
94.81	133.3334
94.82	200
94.83	266.6666
94.84	233.3334
94.85	300
94.86	166.6666
94.87	300
94.88	300
94.89	166.6666
94.9	66.6666
94.91	100
94.92	200
94.93	366.6666
94.94	300
94.95	266.6666
94.96	266.6666
94.97	133.3334
94.98	200
94.99	166.6666
95	100
95.01	200
95.02	366.6666
95.03	66.6666
95.04	200
95.05	166.6666
95.06	100
95.07	333.3334
95.08	266.6666
95.09	366.6666
95.1	200
95.11	266.6666
95.12	166.6666
95.13	266.6666
95.14	300
95.15	266.6666
95.16	166.6666
95.17	66.6666
95.18	233.3334
95.19	300
95.2	266.6666
95.21	166.6666
95.22	266.6666
95.23	300
95.24	200
95.25	233.3334
95.26	133.3334
95.27	300
95.28	233.3334
95.29	266.6666
95.3	233.3334
95.31	366.6666
95.32	233.3334
95.33	233.3334
95.34	233.3334
95.35	200
95.36	200
95.37	300
95.38	300
95.39	133.3334
95.4	133.3334
95.41	200
95.42	200
95.43	200
95.44	166.6666
95.45	66.6666
95.46	233.3334
95.47	233.3334
95.48	333.3334
95.49	200
95.5	200
95.51	100
95.52	333.3334
95.53	233.3334
95.54	233.3334
95.55	300
95.56	166.6666
95.57	200
95.58	266.6666
95.59	333.3334
95.6	233.3334
95.61	133.3334
95.62	166.6666
95.63	400
95.64	200
95.65	266.6666
95.66	300
95.67	166.6666
95.68	133.3334
95.69	300
95.7	266.6666
95.71	166.6666
95.72	166.6666
95.73	100
95.74	233.3334
95.75	166.6666
95.76	166.6666
95.77	333.3334
95.78	100
95.79	133.3334
95.8	200
95.81	100
95.82	300
95.83	366.6666
95.84	200
95.85	266.6666
95.86	200
95.87	333.3334
95.88	133.3334
95.89	166.6666
95.9	333.3334
95.91	300
95.92	266.6666
95.93	233.3334
95.94	266.6666
95.95	200
95.96	166.6666
95.97	300
95.98	166.6666
95.99	266.6666
96	166.6666
96.01	400
96.02	266.6666
96.03	166.6666
96.04	266.6666
96.05	266.6666
96.06	166.6666
96.07	233.3334
96.08	266.6666
96.09	266.6666
96.1	366.6666
96.11	400
96.12	200
96.13	233.3334
96.14	233.3334
96.15	133.3334
96.16	333.3334
96.17	33.3334
96.18	200
96.19	200
96.2	233.3334
96.21	233.3334
96.22	166.6666
96.23	166.6666
96.24	133.3334
96.25	166.6666
96.26	233.3334
96.27	233.3334
96.28	100
96.29	366.6666
96.3	266.6666
96.31	333.3334
96.32	366.6666
96.33	333.3334
96.34	366.6666
96.35	100
96.36	400
96.37	233.3334
96.38	166.6666
96.39	300
96.4	200
96.41	266.6666
96.42	233.3334
96.43	266.6666
96.44	200
96.45	200
96.46	400
96.47	200
96.48	266.6666
96.49	166.6666
96.5	166.6666
96.51	166.6666
96.52	166.6666
96.53	200
96.54	166.6666
96.55	200
96.56	66.6666
96.57	333.3334
96.58	266.6666
96.59	133.3334
96.6	233.3334
96.61	300
96.62	166.6666
96.63	200
96.64	100
96.65	133.3334
96.66	166.6666
96.67	233.3334
96.68	200
96.69	166.6666
96.7	233.3334
96.71	200
96.72	166.6666
96.73	300
96.74	333.3334
96.75	200
96.76	400
96.77	166.6666
96.78	200
96.79	333.3334
96.8	333.3334
96.81	233.3334
96.82	233.3334
96.83	133.3334
96.84	233.3334
96.85	233.3334
96.86	333.3334
96.87	166.6666
96.88	333.3334
96.89	300
96.9	300
96.91	233.3334
96.92	366.6666
96.93	300
96.94	400
96.95	266.6666
96.96	500
96.97	366.6666
96.98	433.3334
96.99	300
97	333.3334
97.01	233.3334
97.02	333.3334
97.03	166.6666
97.04	233.3334
97.05	266.6666
97.06	300
97.07	333.3334
97.08	200
97.09	233.3334
97.1	333.3334
97.11	366.6666
97.12	300
97.13	333.3334
97.14	200
97.15	200
97.16	233.3334
97.17	433.3334
97.18	300
97.19	333.3334
97.2	266.6666
97.21	166.6666
97.22	300
97.23	366.6666
97.24	333.3334
97.25	233.3334
97.26	300
97.27	233.3334
97.28	366.6666
97.29	266.6666
97.3	366.6666
97.31	233.3334
97.32	233.3334
97.33	266.6666
97.34	333.3334
97.35	433.3334
97.36	366.6666
97.37	166.6666
97.38	200
97.39	233.3334
97.4	200
97.41	266.6666
97.42	333.3334
97.43	333.3334
97.44	166.6666
97.45	366.6666
97.46	300
97.47	233.3334
97.48	200
97.49	366.6666
97.5	233.3334
97.51	266.6666
97.52	266.6666
97.53	400
97.54	200
97.55	233.3334
97.56	266.6666
97.57	300
97.58	300
97.59	166.6666
97.6	266.6666
97.61	366.6666
97.62	333.3334
97.63	333.3334
97.64	333.3334
97.65	300
97.66	333.3334
97.67	200
97.68	400
97.69	433.3334
97.7	333.3334
97.71	200
97.72	466.6666
97.73	566.6666
97.74	333.3334
97.75	333.3334
97.76	400
97.77	266.6666
97.78	366.6666
97.79	333.3334
97.8	500
97.81	533.3334
97.82	233.3334
97.83	466.6666
97.84	566.6666
97.85	433.3334
97.86	266.6666
97.87	400
97.88	400
97.89	500
97.9	466.6666
97.91	266.6666
97.92	400
97.93	466.6666
97.94	466.6666
97.95	366.6666
97.96	533.3334
97.97	333.3334
97.98	366.6666
97.99	433.3334
98	633.3334
98.01	466.6666
98.02	300
98.03	533.3334
98.04	400
98.05	433.3334
98.06	266.6666
98.07	433.3334
98.08	433.3334
98.09	366.6666
98.1	266.6666
98.11	333.3334
98.12	266.6666
98.13	200
98.14	266.6666
98.15	333.3334
98.16	366.6666
98.17	266.6666
98.18	333.3334
98.19	300
98.2	400
98.21	366.6666
98.22	166.6666
98.23	266.6666
98.24	333.3334
98.25	133.3334
98.26	333.3334
98.27	366.6666
98.28	400
98.29	466.6666
98.3	200
98.31	266.6666
98.32	300
98.33	533.3334
98.34	533.3334
98.35	333.3334
98.36	400
98.37	500
98.38	200
98.39	333.3334
98.4	166.6666
98.41	300
98.42	400
98.43	333.3334
98.44	266.6666
98.45	200
98.46	400
98.47	300
98.48	266.6666
98.49	200
98.5	333.3334
98.51	166.6666
98.52	133.3334
98.53	233.3334
98.54	333.3334
98.55	333.3334
98.56	366.6666
98.57	166.6666
98.58	233.3334
98.59	366.6666
98.6	300
98.61	233.3334
98.62	433.3334
98.63	300
98.64	333.3334
98.65	366.6666
98.66	300
98.67	266.6666
98.68	166.6666
98.69	166.6666
98.7	200
98.71	300
98.72	333.3334
98.73	200
98.74	233.3334
98.75	300
98.76	300
98.77	366.6666
98.78	233.3334
98.79	400
98.8	300
98.81	133.3334
98.82	233.3334
98.83	300
98.84	233.3334
98.85	100
98.86	400
98.87	166.6666
98.88	300
98.89	300
98.9	300
98.91	333.3334
98.92	300
98.93	400
98.94	333.3334
98.95	233.3334
98.96	366.6666
98.97	533.3334
98.98	200
98.99	300
99	400
99.01	233.3334
99.02	300
99.03	300
99.04	266.6666
99.05	533.3334
99.06	466.6666
99.07	266.6666
99.08	266.6666
99.09	300
99.1	333.3334
99.11	200
99.12	366.6666
99.13	333.3334
99.14	233.3334
99.15	100
99.16	400
99.17	233.3334
99.18	266.6666
99.19	266.6666
99.2	300
99.21	233.3334
99.22	366.6666
99.23	366.6666
99.24	366.6666
99.25	200
99.26	233.3334
99.27	100
99.28	200
99.29	266.6666
99.3	300
99.31	266.6666
99.32	166.6666
99.33	400
99.34	333.3334
99.35	266.6666
99.36	400
99.37	233.3334
99.38	233.3334
99.39	266.6666
99.4	133.3334
99.41	133.3334
99.42	266.6666
99.43	233.3334
99.44	266.6666
99.45	366.6666
99.46	166.6666
99.47	200
99.48	100
99.49	400
99.5	200
99.51	266.6666
99.52	166.6666
99.53	200
99.54	333.3334
99.55	200
99.56	166.6666
99.57	400
99.58	400
99.59	233.3334
99.6	166.6666
99.61	133.3334
99.62	333.3334
99.63	233.3334
99.64	333.3334
99.65	366.6666
99.66	266.6666
99.67	233.3334
99.68	266.6666
99.69	166.6666
99.7	333.3334
99.71	300
99.72	333.3334
99.73	333.3334
99.74	266.6666
99.75	300
99.76	266.6666
99.77	300
99.78	266.6666
99.79	266.6666
99.8	333.3334
99.81	200
99.82	233.3334
99.83	266.6666
99.84	233.3334
99.85	200
99.86	233.3334
99.87	200
99.88	300
99.89	233.3334
99.9	266.6666
99.91	200
99.92	300
99.93	300
99.94	300
99.95	166.6666
99.96	133.3334
99.97	233.3334
99.98	333.3334
99.99	333.3334
100	366.6666
